#-----------------------------------------------------------------------
#
#  @(#)POLAR_E_Excl_Time_Intervals_002	1.1    08/17/00    UCB SSL
#
#-----------------------------------------------------------------------



#  This file contains time intervals for which the POLAR electric field
#  E should be excluded.



# For use when doing 34 spin period fits to avoid oscillation and
# spikes.



#        Start                        Stop
# YY MM DD  HH MM  Sec       Year MM DD  HH MM  Sec

1996 05 29  04 13 13.571     1996 05 29  04 13 15.749
1996 05 29  04 13 19.741     1996 05 29  04 13 20.829
1996 05 29  04 13 31.999     1996 05 29  04 13 32.966
1996 05 29  04 13 43.491     1996 05 29  04 13 46.031
1996 05 29  04 13 49.176     1996 05 29  04 13 51.958
1996 05 29  04 13 55.224     1996 05 29  04 13 57.886
1996 05 29  04 14 00.910     1996 05 29  04 14 04.297
1996 05 29  04 14 07.079     1996 05 29  04 14 09.982
1996 05 29  04 14 13.249     1996 05 29  04 14 15.668
1996 05 29  04 14 19.216     1996 05 29  04 14 21.515
1996 05 29  04 14 25.991     1996 05 29  04 14 26.958
1996 05 29  04 14 31.797     1996 05 29  04 14 32.886
1996 05 29  04 14 37.603     1996 05 29  04 14 38.813
1996 05 29  04 14 43.047     1996 05 29  04 14 44.861
1996 05 29  04 14 48.853     1996 05 29  04 14 51.394
1996 05 29  04 14 55.023     1996 05 29  04 14 57.200
1996 05 29  04 15 00.950     1996 05 29  04 15 03.611
1996 05 29  04 15 07.160     1996 05 29  04 15 09.216
1996 05 29  04 15 13.329     1996 05 29  04 15 14.055
1996 05 29  04 15 54.942     1996 05 29  04 15 56.515
1996 05 29  04 16 00.063     1996 05 29  04 16 03.329
1996 05 29  04 29 36.757     1996 05 29  04 29 37.966
1996 05 29  04 31 12.160     1996 05 29  04 31 13.007
1996 05 29  04 31 17.724     1996 05 29  04 31 20.386
1996 05 29  04 31 23.531     1996 05 29  04 31 25.587
1996 05 29  04 31 36.111     1996 05 29  04 31 38.410
1996 05 29  04 31 39.378     1996 05 29  04 31 40.587
1996 05 29  04 31 41.434     1996 05 29  04 31 43.853
1996 05 29  04 31 44.942     1996 05 29  04 31 46.636
1996 05 29  04 31 47.402     1996 05 29  04 31 50.184
1996 05 29  04 31 51.878     1996 05 29  04 31 53.087
1996 05 29  04 31 53.450     1996 05 29  04 31 55.870
1996 05 29  04 31 59.136     1996 05 29  04 32 02.160
1996 05 29  04 32 03.128     1996 05 29  04 32 04.821
1996 05 29  04 32 05.063     1996 05 29  04 32 08.208
1996 05 29  04 32 08.571     1996 05 29  04 32 14.136
1996 05 29  04 32 14.861     1996 05 29  04 32 16.676
1996 05 29  04 32 17.039     1996 05 29  04 32 19.942
1996 05 29  04 32 20.789     1996 05 29  04 32 22.361
1996 05 29  04 32 22.966     1996 05 29  04 32 26.111
1996 05 29  04 32 26.837     1996 05 29  04 32 28.289
1996 05 29  04 32 28.773     1996 05 29  04 32 31.918
1996 05 29  04 32 33.007     1996 05 29  04 32 34.216
1996 05 29  04 32 34.700     1996 05 29  04 32 37.724
1996 05 29  04 32 40.910     1996 05 29  04 32 43.087
1996 05 29  04 32 46.837     1996 05 29  04 32 49.257
1996 05 29  04 32 53.491     1996 05 29  04 32 53.974
1996 05 29  04 32 58.934     1996 05 29  04 33 01.474
1996 05 29  04 33 04.620     1996 05 29  04 33 07.644
1996 05 29  04 33 10.910     1996 05 29  04 33 12.482
1996 05 29  04 33 17.079     1996 05 29  04 33 19.015
1996 05 29  04 33 22.402     1996 05 29  04 33 24.700
1996 05 29  04 33 26.757     1996 05 29  04 33 27.966
1996 05 29  04 33 28.370     1996 05 29  04 33 31.152
1996 05 29  04 33 34.902     1996 05 29  04 33 36.595
1996 05 29  04 33 40.466     1996 05 29  04 33 42.644
1996 05 29  04 36 46.636     1996 05 29  04 36 47.241
1996 05 29  04 36 51.152     1996 05 29  04 36 53.450
1996 05 29  04 36 56.837     1996 05 29  04 36 59.620
1996 05 29  04 37 00.950     1996 05 29  04 37 02.402
1996 05 29  04 37 02.765     1996 05 29  04 38 50.000
1996 05 29  04 37 04.850     1996 05 29  04 37 05.860
1996 05 29  04 37 10.386     1996 05 29  04 37 11.474
1996 05 29  04 37 15.950     1996 05 29  04 37 16.797
1996 05 29  04 37 20.789     1996 05 29  04 37 21.515
1996 05 29  04 37 22.603     1996 05 29  04 37 23.692
1996 05 29  04 37 26.474     1996 05 29  04 37 29.741
1996 05 29  04 37 30.224     1996 05 29  04 37 31.918
1996 05 29  04 37 34.458     1996 05 29  04 37 35.910
1996 05 29  04 37 37.241     1996 05 29  04 37 38.329
1996 05 29  04 37 40.184     1996 05 29  04 37 41.273
1996 05 29  04 37 46.353     1996 05 29  04 37 46.716
1996 05 29  04 37 48.652     1996 05 29  04 37 50.224
1996 05 29  04 37 55.547     1996 05 29  04 37 56.031
1996 05 29  04 38 01.232     1996 05 29  04 38 01.958
1996 05 29  04 38 02.442     1996 05 29  04 38 02.926
1996 05 29  04 38 03.894     1996 05 29  04 38 04.378
1996 05 29  04 38 04.741     1996 05 29  04 38 05.103
1996 05 29  04 38 07.160     1996 05 29  04 38 07.765
1996 05 29  04 38 08.249     1996 05 29  04 38 11.636
1996 05 29  04 38 12.241     1996 05 29  04 38 17.321
1996 05 29  04 38 26.031     1996 05 29  04 38 26.394
1996 05 29  04 38 27.361     1996 05 29  04 38 27.724
1996 05 29  04 38 28.491     1996 05 29  04 38 29.350
1996 05 29  04 38 30.789     1996 05 29  04 38 31.636
1996 05 29  04 38 32.525     1996 05 29  04 38 32.966
1996 05 29  04 38 33.420     1996 05 29  04 38 33.600
1996 05 29  04 38 34.218     1996 05 29  04 38 35.144
1996 05 29  04 38 38.047     1996 05 29  04 38 41.200
1996 05 29  04 38 41.918     1996 05 29  04 38 43.853
1996 05 29  04 38 43.974     1996 05 29  04 38 59.095
1996 05 29  04 38 59.821     1996 05 29  04 39 01.636
1996 05 29  04 39 01.999     1996 05 29  04 39 05.023
1996 05 29  04 39 05.386     1996 05 29  04 39 07.563
1996 05 29  04 39 08.050     1996 05 29  04 39 11.192
1996 05 29  04 39 12.402     1996 05 29  04 39 13.370
1996 05 29  04 39 13.974     1996 05 29  04 39 16.878
1996 05 29  04 39 19.942     1996 05 29  04 39 22.603
1996 05 29  04 39 25.749     1996 05 29  04 39 28.773
1996 05 29  04 39 29.257     1996 05 29  04 39 31.400
1996 05 29  04 39 31.797     1996 05 29  04 39 34.700
1996 05 29  04 39 35.426     1996 05 29  04 39 37.150
1996 05 29  04 39 37.845     1996 05 29  04 39 40.749
1996 05 29  04 39 42.200     1996 05 29  04 39 42.805
1996 05 29  04 39 43.773     1996 05 29  04 39 46.918
1996 05 29  04 39 49.337     1996 05 29  04 39 52.845
1996 05 29  04 39 53.692     1996 05 29  04 39 58.773
1996 05 29  04 39 59.741     1996 05 29  04 40 00.950
1996 05 29  04 40 01.797     1996 05 29  04 40 04.458
1996 05 29  04 40 05.305     1996 05 29  04 40 06.999
1996 05 29  04 40 07.765     1996 05 29  04 40 10.305
1996 05 29  04 40 13.692     1996 05 29  04 40 16.353
1996 05 29  04 40 19.620     1996 05 29  04 40 22.039
1996 05 29  04 40 25.668     1996 05 29  04 40 28.329
1996 05 29  04 40 29.176     1996 05 29  04 40 31.111
1996 05 29  04 40 31.353     1996 05 29  04 40 34.378
1996 05 29  04 40 35.103     1996 05 29  04 40 36.918
1996 05 29  04 40 37.281     1996 05 29  04 40 40.426
1996 05 29  04 40 41.394     1996 05 29  04 40 42.750
1996 05 29  04 40 43.450     1996 05 29  04 40 46.232
1996 05 29  04 40 49.257     1996 05 29  04 40 52.160
1996 05 29  04 40 55.184     1996 05 29  04 40 58.087
1996 05 29  04 41 01.152     1996 05 29  04 41 03.934
1996 05 29  04 41 05.507     1996 05 29  04 41 06.353
1996 05 29  04 41 07.200     1996 05 29  04 41 09.982
1996 05 29  04 41 11.313     1996 05 29  04 41 12.523
1996 05 29  04 41 13.007     1996 05 29  04 41 15.910
1996 05 29  04 41 19.297     1996 05 29  04 41 21.837
1996 05 29  04 41 25.345     1996 05 29  04 41 27.765
1996 05 29  04 41 31.031     1996 05 29  04 41 33.450
1996 05 29  04 41 36.958     1996 05 29  04 41 39.499
1996 05 29  04 41 42.765     1996 05 29  04 41 45.547
1996 05 29  04 41 48.853     1996 05 29  04 41 51.394
1996 05 29  04 42 06.757     1996 05 29  04 42 08.813
1996 05 29  04 42 13.047     1996 05 29  04 42 14.499
1996 05 29  04 42 19.095     1996 05 29  04 42 20.305
1996 05 29  04 42 24.539     1996 05 29  04 42 27.200
1996 05 29  04 42 30.829     1996 05 29  04 42 33.007
1996 05 29  04 42 36.394     1996 05 29  04 42 38.692
1996 05 29  04 42 43.329     1996 05 29  04 42 43.692
1996 05 29  04 43 53.894     1996 05 29  04 43 56.555
1996 05 29  04 44 00.063     1996 05 29  04 44 02.482
1996 05 29  04 44 05.749     1996 05 29  04 44 08.773
1996 05 29  04 44 10.103     1996 05 29  04 44 10.950
1996 05 29  04 44 12.281     1996 05 29  04 44 14.337
1996 05 29  04 44 17.724     1996 05 29  04 44 20.200
1996 05 29  04 44 24.176     1996 05 29  04 44 25.386
1996 05 29  04 44 48.491     1996 05 29  04 44 49.095
1996 05 29  04 45 23.853     1996 05 29  04 45 25.668
1996 05 29  04 45 30.023     1996 05 29  04 45 30.991
1996 05 29  04 45 42.482     1996 05 29  04 45 43.571
1996 05 29  04 45 47.321     1996 05 29  04 45 49.136
1996 05 29  04 45 53.370     1996 05 29  04 45 54.942
1996 05 29  04 45 59.216     1996 05 29  04 46 01.515
1996 05 29  04 46 05.144     1996 05 29  04 46 07.321
1996 05 29  04 46 11.071     1996 05 29  04 46 13.611
1996 05 29  04 46 16.878     1996 05 29  04 46 19.055
1996 05 29  04 46 22.926     1996 05 29  04 46 25.345
1996 05 29  04 46 28.974     1996 05 29  04 46 31.152
1996 05 29  04 46 34.660     1996 05 29  04 46 35.507
1996 05 29  04 46 35.600     1996 05 29  04 46 45.000
1996 05 29  04 46 38.168     1996 05 29  04 46 39.861
1996 05 29  04 46 46.394     1996 05 29  04 46 49.781
1996 05 29  04 46 50.305     1996 05 29  04 46 51.878
1996 05 29  04 46 52.603     1996 05 29  04 46 55.265
1996 05 29  04 46 57.200     1996 05 29  04 46 58.168
1996 05 29  04 46 58.740     1996 05 29  04 47 01.555
1996 05 29  04 47 02.160     1996 05 29  04 47 03.732
1996 05 29  04 47 04.458     1996 05 29  04 47 07.120
1996 05 29  04 47 08.571     1996 05 29  04 47 09.781
1996 05 29  04 47 10.507     1996 05 29  04 47 13.289
1996 05 29  04 47 14.499     1996 05 29  04 47 15.829
1996 05 29  04 47 16.434     1996 05 29  04 47 19.337
1996 05 29  04 47 19.700     1996 05 29  04 47 21.999
1996 05 29  04 47 22.361     1996 05 29  04 47 25.386
1996 05 29  04 47 25.800     1996 05 29  04 47 27.900
1996 05 29  04 47 28.289     1996 05 29  04 47 31.313
1996 05 29  04 47 31.797     1996 05 29  04 47 33.974
1996 05 29  04 47 34.216     1996 05 29  04 47 37.361
1996 05 29  04 47 37.644     1996 05 29  04 47 39.800
1996 05 29  04 47 40.184     1996 05 29  04 47 43.087
1996 05 29  04 47 43.692     1996 05 29  04 47 49.015
1996 05 29  04 47 49.620     1996 05 29  04 47 51.313
1996 05 29  04 47 52.039     1996 05 29  04 47 54.821
1996 05 29  04 47 56.515     1996 05 29  04 47 57.241
1996 05 29  04 47 57.966     1996 05 29  04 48 01.111
1996 05 29  04 48 01.595     1996 05 29  04 48 03.610
1996 05 29  04 48 04.136     1996 05 29  04 48 06.918
1996 05 29  04 48 07.523     1996 05 29  04 48 08.611
1996 05 29  04 48 09.821     1996 05 29  04 48 12.966
1996 05 29  04 48 13.692     1996 05 29  04 48 15.386
1996 05 29  04 48 15.991     1996 05 29  04 48 18.773
1996 05 29  04 48 19.499     1996 05 29  04 48 21.434
1996 05 29  04 48 22.000     1996 05 29  04 48 24.821
1996 05 29  04 48 25.789     1996 05 29  04 48 27.361
1996 05 29  04 48 27.845     1996 05 29  04 48 28.450
1996 05 29  04 48 28.600     1996 05 29  04 48 30.789
1996 05 29  04 48 31.515     1996 05 29  04 48 33.329
1996 05 29  04 48 33.875     1996 05 29  04 48 37.016
1996 05 29  04 48 37.321     1996 05 29  04 48 39.257
1996 05 29  04 48 39.861     1996 05 29  04 48 42.750
1996 05 29  04 48 43.491     1996 05 29  04 48 45.325
1996 05 29  04 48 45.725     1996 05 29  04 48 48.692
1996 05 29  04 48 49.297     1996 05 29  04 48 51.232
1996 05 29  04 48 51.716     1996 05 29  04 48 54.741
1996 05 29  04 48 55.345     1996 05 29  04 48 57.281
1996 05 29  04 48 57.765     1996 05 29  04 49 00.547
1996 05 29  04 49 01.152     1996 05 29  04 49 02.966
1996 05 29  04 49 03.571     1996 05 29  04 49 06.595
1996 05 29  04 49 09.620     1996 05 29  04 49 12.402
1996 05 29  04 49 15.426     1996 05 29  04 49 18.208
1996 05 29  04 49 21.636     1996 05 29  04 49 24.055
1996 05 29  04 49 27.442     1996 05 29  04 49 30.224
1996 05 29  04 49 31.313     1996 05 29  04 49 32.765
1996 05 29  04 49 33.491     1996 05 29  04 49 36.394
1996 05 29  04 49 36.999     1996 05 29  04 49 39.055
1996 05 29  04 49 39.297     1996 05 29  04 49 42.321
1996 05 29  04 49 42.684     1996 05 29  04 49 44.741
1996 05 29  04 49 45.466     1996 05 29  04 49 48.249
1996 05 29  04 49 51.394     1996 05 29  04 49 53.813
1996 05 29  04 49 57.563     1996 05 29  04 49 59.741
1996 05 29  04 50 03.491     1996 05 29  04 50 05.305
1996 05 29  04 50 09.579     1996 05 29  04 50 11.394
1996 05 29  04 50 15.144     1996 05 29  04 50 19.499
1996 05 29  04 50 26.999     1996 05 29  04 50 29.660
1996 05 29  04 50 33.000     1996 05 29  04 50 47.442
1996 05 29  04 50 51.000     1996 05 29  04 54 06.000
1996 05 29  04 51 10.950     1996 05 29  04 51 11.797
1996 05 29  04 51 22.805     1996 05 29  04 51 23.289
1996 05 29  04 51 31.394     1996 05 29  04 51 31.757
1996 05 29  04 51 36.958     1996 05 29  04 51 37.684
1996 05 29  04 51 39.257     1996 05 29  04 51 43.732
1996 05 29  04 51 50.426     1996 05 29  04 51 53.087
1996 05 29  04 51 58.047     1996 05 29  04 51 58.652
1996 05 29  04 52 25.870     1996 05 29  04 52 26.595
1996 05 29  04 53 15.265     1996 05 29  04 53 15.628
1996 05 29  04 53 33.329     1996 05 29  04 53 34.902
1996 05 29  04 54 02.724     1996 05 29  04 54 05.628
1996 05 29  04 54 07.442     1996 05 29  04 54 10.103
1996 05 29  04 54 13.370     1996 05 29  04 54 16.273
1996 05 29  04 54 17.361     1996 05 29  04 54 18.934
1996 05 29  04 54 19.216     1996 05 29  04 54 33.000
1996 05 29  04 54 32.160     1996 05 29  04 54 34.337
1996 05 29  04 54 35.184     1996 05 29  04 54 36.515
1996 05 29  04 54 37.241     1996 05 29  04 54 40.023
1996 05 29  04 54 41.353     1996 05 29  04 54 42.442
1996 05 29  04 54 42.926     1996 05 29  04 54 46.071
1996 05 29  04 54 47.160     1996 05 29  04 54 48.370
1996 05 29  04 54 49.216     1996 05 29  04 54 51.999
1996 05 29  04 54 53.208     1996 05 29  04 54 54.539
1996 05 29  04 54 55.144     1996 05 29  04 54 58.047
1996 05 29  04 54 58.894     1996 05 29  04 55 00.466
1996 05 29  04 55 01.192     1996 05 29  04 55 03.732
1996 05 29  04 55 05.184     1996 05 29  04 55 06.273
1996 05 29  04 55 06.999     1996 05 29  04 55 09.902
1996 05 29  04 55 10.668     1996 05 29  04 55 56.000
1996 05 29  04 55 13.000     1996 05 29  04 55 16.111
1996 05 29  04 55 17.805     1996 05 29  04 55 18.531
1996 05 29  04 55 18.773     1996 05 29  04 55 19.257
1996 05 29  04 55 20.466     1996 05 29  04 55 21.313
1996 05 29  04 55 23.249     1996 05 29  04 55 24.337
1996 05 29  04 55 30.870     1996 05 29  04 55 33.652
1996 05 29  04 55 36.676     1996 05 29  04 55 39.579
1996 05 29  04 55 44.055     1996 05 29  04 55 44.660
1996 05 29  04 55 49.620     1996 05 29  04 55 54.579
1996 05 29  04 55 56.152     1996 05 29  04 55 57.482
1996 05 29  04 55 58.087     1996 05 29  04 55 59.902
1996 05 29  04 56 00.547     1996 05 29  04 56 03.329
1996 05 29  04 56 04.660     1996 05 29  04 56 05.749
1996 05 29  04 56 06.474     1996 05 29  04 56 09.499
1996 05 29  04 56 10.950     1996 05 29  04 56 11.676
1996 05 29  04 56 12.402     1996 05 29  04 56 15.305
1996 05 29  04 56 15.547     1996 05 29  04 56 17.845
1996 05 29  04 56 18.571     1996 05 29  04 57 12.000
1996 05 29  04 56 19.297     1996 05 29  04 56 20.507
1996 05 29  04 56 20.870     1996 05 29  04 56 21.232
1996 05 29  04 56 22.563     1996 05 29  04 56 23.047
1996 05 29  04 56 26.071     1996 05 29  04 56 27.281
1996 05 29  04 56 49.942     1996 05 29  04 56 50.305
1996 05 29  04 56 55.628     1996 05 29  04 56 57.079
1996 05 29  04 57 01.450     1996 05 29  04 57 03.128
1996 05 29  04 57 03.974     1996 05 29  04 57 05.426
1996 05 29  04 57 06.273     1996 05 29  04 57 09.055
1996 05 29  04 57 09.297     1996 05 29  04 57 11.474
1996 05 29  04 57 12.079     1996 05 29  04 57 14.982
1996 05 29  04 57 15.950     1996 05 29  04 57 17.039
1996 05 29  04 57 17.886     1996 05 29  04 57 20.789
1996 05 29  04 57 23.934     1996 05 29  04 57 26.716
1996 05 29  04 57 27.442     1996 05 29  04 57 29.257
1996 05 29  04 57 30.000     1996 05 29  04 58 12.000
1996 05 29  04 57 37.482     1996 05 29  04 57 38.208
1996 05 29  04 57 55.910     1996 05 29  04 57 56.152
1996 05 29  04 58 01.025     1996 05 29  04 58 02.442
1996 05 29  04 58 05.587     1996 05 29  04 58 08.491
1996 05 29  04 58 11.878     1996 05 29  04 58 14.297
1996 05 29  04 58 18.047     1996 05 29  04 58 19.741
1996 05 29  04 58 23.853     1996 05 29  04 58 25.668
1996 05 29  04 58 29.821     1996 05 29  04 58 31.394
1996 05 29  04 58 35.870     1996 05 29  04 58 37.805
1996 05 29  04 58 41.676     1996 05 29  04 58 43.853
1996 05 29  04 58 47.724     1996 05 29  04 58 50.023
1996 05 29  04 58 53.531     1996 05 29  04 58 55.950
1996 05 29  04 58 59.579     1996 05 29  04 59 01.878
1996 05 29  04 59 05.507     1996 05 29  04 59 07.684
1996 05 29  04 59 11.434     1996 05 29  04 59 13.491
1996 05 29  04 59 17.482     1996 05 29  04 59 19.539
1996 05 29  04 59 23.329     1996 05 29  04 59 25.507
1996 05 29  04 59 29.378     1996 05 29  04 59 31.192
1996 05 29  04 59 35.063     1996 05 29  04 59 37.724
1996 05 29  04 59 41.232     1996 05 29  04 59 43.652
1996 05 29  04 59 47.039     1996 05 29  04 59 49.579
1996 05 29  04 59 53.208     1996 05 29  04 59 55.507
1996 05 29  04 59 59.136     1996 05 29  05 00 01.192
1996 05 29  05 00 04.873     1996 05 29  05 00 07.292
1996 05 29  05 00 10.800     1996 05 29  05 00 13.099
1996 05 29  05 00 16.849     1996 05 29  05 00 19.026
1996 05 29  05 00 22.534     1996 05 29  05 00 25.437
1996 05 29  05 00 28.945     1996 05 29  05 00 31.123
1996 05 29  05 00 31.486     1996 05 29  05 00 32.695
1996 05 29  05 00 34.450     1996 05 29  05 00 38.100
1996 05 29  05 00 39.953     1996 05 29  05 00 43.341
1996 05 29  05 00 44.550     1996 05 29  05 00 46.002
1996 05 29  05 00 46.607     1996 05 29  05 00 49.268
1996 05 29  05 00 52.400     1996 05 29  05 00 55.200
1996 05 29  05 00 58.502     1996 05 29  05 01 01.042
1996 05 29  05 01 04.308     1996 05 29  05 01 06.970
1996 05 29  05 01 10.357     1996 05 29  05 01 12.897
1996 05 29  05 01 16.405     1996 05 29  05 01 18.945
1996 05 29  05 01 22.453     1996 05 29  05 01 24.752
1996 05 29  05 01 28.381     1996 05 29  05 01 30.921
1996 05 29  05 01 32.615     1996 05 29  05 01 33.341
1996 05 29  05 01 33.945     1996 05 29  05 01 36.849
1996 05 29  05 01 40.000     1996 05 29  05 01 42.800
1996 05 29  05 01 46.300     1996 05 29  05 01 48.500
1996 05 29  05 01 52.010     1996 05 29  05 01 54.671
1996 05 29  05 01 57.937     1996 05 29  05 02 00.720
1996 05 29  05 02 03.865     1996 05 29  05 02 06.647
1996 05 29  05 02 09.792     1996 05 29  05 02 12.695
1996 05 29  05 02 15.841     1996 05 29  05 02 18.260
1996 05 29  05 02 21.889     1996 05 29  05 02 24.308
1996 05 29  05 02 28.058     1996 05 29  05 02 30.115
1996 05 29  05 02 33.784     1996 05 29  05 02 35.961
1996 05 29  05 02 39.349     1996 05 29  05 02 47.000
1996 05 29  05 02 45.518     1996 05 29  05 02 48.542
1996 05 29  05 02 49.389     1996 05 29  05 02 50.961
1996 05 29  05 02 51.566     1996 05 29  05 02 54.591
1996 05 29  05 02 55.558     1996 05 29  05 02 56.889
1996 05 29  05 02 57.494     1996 05 29  05 03 00.397
1996 05 29  05 03 03.663     1996 05 29  05 03 06.082
1996 05 29  05 03 09.349     1996 05 29  05 03 12.131
1996 05 29  05 03 15.518     1996 05 29  05 03 18.179
1996 05 29  05 03 21.486     1996 05 29  05 03 23.784
1996 05 29  05 03 27.534     1996 05 29  05 03 30.000
1996 05 29  05 03 34.429     1996 05 29  05 03 35.881
1996 05 29  05 03 36.365     1996 05 29  05 03 37.332
1996 05 29  05 03 37.695     1996 05 29  05 03 52.000
1996 05 29  05 03 39.268     1996 05 29  05 03 41.808
1996 05 29  05 03 42.292     1996 05 29  05 03 47.857
1996 05 29  05 03 48.220     1996 05 29  05 03 50.518
1996 05 29  05 03 51.002     1996 05 29  05 03 54.000
1996 05 29  05 03 54.389     1996 05 29  05 03 56.324
1996 05 29  05 03 57.171     1996 05 29  05 03 59.953
1996 05 29  05 04 01.405     1996 05 29  05 04 02.373
1996 05 29  05 04 03.099     1996 05 29  05 04 05.760
1996 05 29  05 04 06.970     1996 05 29  05 04 08.421
1996 05 29  05 04 09.000     1996 05 29  05 04 11.728
1996 05 29  05 04 13.058     1996 05 29  05 04 14.510
1996 05 29  05 04 14.873     1996 05 29  05 04 17.897
1996 05 29  05 04 18.502     1996 05 29  05 04 20.316
1996 05 29  05 04 20.921     1996 05 29  05 04 23.824
1996 05 29  05 04 24.550     1996 05 29  05 04 26.486
1996 05 29  05 04 26.849     1996 05 29  05 04 29.752
1996 05 29  05 04 32.897     1996 05 29  05 04 35.558
1996 05 29  05 04 38.945     1996 05 29  05 04 41.365
1996 05 29  05 04 44.752     1996 05 29  05 04 47.655
1996 05 29  05 04 50.679     1996 05 29  05 04 53.461
1996 05 29  05 04 56.728     1996 05 29  05 04 59.268
1996 05 29  05 05 02.816     1996 05 29  05 05 05.357
1996 05 29  05 05 08.623     1996 05 29  05 05 11.300
1996 05 29  05 05 12.615     1996 05 29  05 05 13.824
1996 05 29  05 05 14.429     1996 05 29  05 05 17.453
1996 05 29  05 05 18.905     1996 05 29  05 05 19.752
1996 05 29  05 05 20.478     1996 05 29  05 05 23.260
1996 05 29  05 05 24.470     1996 05 29  05 05 25.679
1996 05 29  05 05 26.405     1996 05 29  05 05 29.187
1996 05 29  05 05 30.881     1996 05 29  05 05 31.607
1996 05 29  05 05 32.574     1996 05 29  05 05 35.115
1996 05 29  05 05 38.500     1996 05 29  05 05 41.042
1996 05 29  05 05 44.187     1996 05 29  05 05 47.091
1996 05 29  05 05 48.179     1996 05 29  05 05 49.752
1996 05 29  05 05 50.397     1996 05 29  05 05 52.937
1996 05 29  05 05 56.082     1996 05 29  05 05 58.900
1996 05 29  05 06 00.800     1996 05 29  05 06 01.405
1996 05 29  05 06 02.131     1996 05 29  05 06 04.913
1996 05 29  05 06 08.179     1996 05 29  05 06 10.720
1996 05 29  05 06 14.228     1996 05 29  05 06 16.163
1996 05 29  05 06 20.276     1996 05 29  05 06 22.695
1996 05 29  05 06 26.375     1996 05 29  05 06 28.260
1996 05 29  05 06 32.010     1996 05 29  05 06 34.671
1996 05 29  05 06 36.365     1996 05 29  05 06 37.211
1996 05 29  05 06 38.058     1996 05 29  05 06 40.599
1996 05 29  05 06 44.026     1996 05 29  05 06 46.203
1996 05 29  05 06 49.953     1996 05 29  05 06 52.252
1996 05 29  05 06 56.002     1996 05 29  05 06 58.542
1996 05 29  05 07 01.687     1996 05 29  05 07 04.349
1996 05 29  05 07 07.736     1996 05 29  05 07 10.276
1996 05 29  05 07 13.663     1996 05 29  05 07 16.324
1996 05 29  05 07 19.711     1996 05 29  05 07 22.252
1996 05 29  05 07 23.824     1996 05 29  05 07 24.913
1996 05 29  05 07 25.397     1996 05 29  05 07 28.300
1996 05 29  05 07 31.607     1996 05 29  05 07 34.026
1996 05 29  05 07 37.655     1996 05 29  05 07 39.950
1996 05 29  05 07 43.582     1996 05 29  05 07 45.760
1996 05 29  05 07 49.600     1996 05 29  05 07 51.929
1996 05 29  05 07 55.558     1996 05 29  05 07 57.736
1996 05 29  05 08 01.486     1996 05 29  05 08 03.663
1996 05 29  05 08 07.534     1996 05 29  05 08 09.349
1996 05 29  05 08 13.582     1996 05 29  05 08 15.034
1996 05 29  05 08 19.631     1996 05 29  05 08 21.324
1996 05 29  05 08 25.720     1996 05 29  05 08 26.808
1996 05 29  05 08 32.010     1996 05 29  05 08 32.615
1996 05 29  05 08 37.332     1996 05 29  05 08 39.389
1996 05 29  05 08 43.139     1996 05 29  05 08 45.316
1996 05 29  05 08 48.945     1996 05 29  05 08 51.486
1996 05 29  05 08 54.752     1996 05 29  05 08 57.413
1996 05 29  05 09 00.921     1996 05 29  05 09 03.461
1996 05 29  05 09 06.849     1996 05 29  05 09 09.510
1996 05 29  05 09 11.365     1996 05 29  05 09 11.970
1996 05 29  05 09 12.695     1996 05 29  05 09 15.357
1996 05 29  05 09 17.050     1996 05 29  05 09 17.897
1996 05 29  05 09 18.865     1996 05 29  05 09 21.647
1996 05 29  05 09 23.099     1996 05 29  05 09 23.945
1996 05 29  05 09 24.671     1996 05 29  05 09 27.453
1996 05 29  05 09 30.599     1996 05 29  05 09 33.260
1996 05 29  05 09 36.647     1996 05 29  05 09 39.187
1996 05 29  05 09 40.881     1996 05 29  05 09 41.728
1996 05 29  05 09 42.695     1996 05 29  05 09 45.236
1996 05 29  05 09 48.650     1996 05 29  05 09 51.150
1996 05 29  05 09 54.308     1996 05 29  05 09 57.091
1996 05 29  05 10 00.357     1996 05 29  05 10 03.260
1996 05 29  05 10 06.324     1996 05 29  05 10 09.107
1996 05 29  05 10 12.373     1996 05 29  05 10 14.913
1996 05 29  05 10 16.728     1996 05 29  05 10 17.453
1996 05 29  05 10 18.300     1996 05 29  05 10 20.478
1996 05 29  05 10 24.349     1996 05 29  05 10 26.889
1996 05 29  05 10 30.276     1996 05 29  05 10 32.574
1996 05 29  05 10 36.203     1996 05 29  05 10 37.897
1996 05 29  05 12 00.115     1996 05 29  05 12 00.478
1996 05 29  05 12 05.679     1996 05 29  05 12 07.857
1996 05 29  05 12 10.034     1996 05 29  05 12 10.881
1996 05 29  05 12 11.607     1996 05 29  05 12 14.510
1996 05 29  05 12 15.841     1996 05 29  05 12 16.687
1996 05 29  05 12 17.292     1996 05 29  05 12 20.437
1996 05 29  05 12 21.526     1996 05 29  05 12 22.725
1996 05 29  05 12 23.341     1996 05 29  05 12 26.244
1996 05 29  05 12 27.211     1996 05 29  05 12 28.750
1996 05 29  05 12 29.268     1996 05 29  05 12 32.250
1996 05 29  05 12 32.937     1996 05 29  05 12 34.700
1996 05 29  05 12 35.115     1996 05 29  05 12 38.139
1996 05 29  05 12 39.107     1996 05 29  05 12 40.679
1996 05 29  05 12 41.042     1996 05 29  05 12 44.250
1996 05 29  05 12 45.155     1996 05 29  05 12 49.994
1996 05 29  05 12 50.841     1996 05 29  05 12 56.042
1996 05 29  05 12 56.768     1996 05 29  05 13 02.000
1996 05 29  05 13 03.058     1996 05 29  05 13 04.510
1996 05 29  05 13 05.115     1996 05 29  05 13 08.018
1996 05 29  05 13 09.107     1996 05 29  05 13 10.558
1996 05 29  05 13 10.921     1996 05 29  05 13 14.066
1996 05 29  05 13 14.429     1996 05 29  05 13 16.500
1996 05 29  05 13 16.849     1996 05 29  05 13 20.115
1996 05 29  05 13 20.881     1996 05 29  05 13 22.453
1996 05 29  05 13 22.937     1996 05 29  05 13 25.841
1996 05 29  05 13 26.566     1996 05 29  05 13 28.139
1996 05 29  05 13 28.865     1996 05 29  05 13 31.768
1996 05 29  05 13 32.615     1996 05 29  05 13 34.187
1996 05 29  05 13 34.792     1996 05 29  05 13 37.695
1996 05 29  05 13 38.542     1996 05 29  05 13 40.115
1996 05 29  05 13 40.841     1996 05 29  05 13 43.744
1996 05 29  05 13 44.591     1996 05 29  05 13 46.284
1996 05 29  05 13 46.750     1996 05 29  05 13 49.913
1996 05 29  05 13 50.276     1996 05 29  05 13 52.000
1996 05 29  05 13 52.695     1996 05 29  05 13 55.599
1996 05 29  05 13 56.566     1996 05 29  05 13 58.139
1996 05 29  05 13 58.744     1996 05 29  05 14 01.526
1996 05 29  05 14 03.341     1996 05 29  05 14 04.066
1996 05 29  05 14 04.550     1996 05 29  05 14 07.453
1996 05 29  05 14 10.720     1996 05 29  05 14 12.897
1996 05 29  05 14 17.171     1996 05 29  05 14 17.655
1996 05 29  05 14 22.736     1996 05 29  05 14 23.703
1996 05 29  05 14 28.905     1996 05 29  05 14 30.150
1996 05 29  05 14 34.711     1996 05 29  05 14 36.889
1996 05 29  05 14 40.397     1996 05 29  05 14 43.058
1996 05 29  05 14 44.873     1996 05 29  05 14 45.720
1996 05 29  05 14 46.352     1996 05 29  05 14 49.134
1996 05 29  05 14 52.400     1996 05 29  05 14 55.182
1996 05 29  05 14 58.449     1996 05 29  05 15 01.231
1996 05 29  05 15 02.199     1996 05 29  05 15 03.650
1996 05 29  05 15 04.174     1996 05 29  05 15 07.000
1996 05 29  05 15 08.408     1996 05 29  05 15 09.618
1996 05 29  05 15 10.102     1996 05 29  05 15 13.005
1996 05 29  05 15 15.908     1996 05 29  05 15 19.053
1996 05 29  05 15 19.537     1996 05 29  05 15 39.497
1996 05 29  05 15 41.070     1996 05 29  05 16 35.000
1996 05 29  05 15 50.142     1996 05 29  05 15 50.868
1996 05 29  05 16 10.626     1996 05 29  05 16 11.352
1996 05 29  05 16 17.037     1996 05 29  05 16 17.400
1996 05 29  05 16 22.844     1996 05 29  05 16 23.328
1996 05 29  05 16 25.868     1996 05 29  05 16 27.199
1996 05 29  05 16 27.300     1996 05 29  05 16 30.465
1996 05 29  05 16 33.489     1996 05 29  05 16 36.513
1996 05 29  05 16 37.118     1996 05 29  05 16 39.053
1996 05 29  05 16 39.416     1996 05 29  05 16 42.441
1996 05 29  05 16 42.965     1996 05 29  05 16 45.263
1996 05 29  05 16 45.626     1996 05 29  05 17 10.000
1996 05 29  05 17 09.094     1996 05 29  05 17 12.118
1996 05 29  05 17 12.723     1996 05 29  05 17 14.658
1996 05 29  05 17 15.263     1996 05 29  05 17 18.045
1996 05 29  05 17 18.771     1996 05 29  05 17 20.586
1996 05 29  05 17 21.191     1996 05 29  05 17 24.094
1996 05 29  05 17 24.578     1996 05 29  05 17 26.634
1996 05 29  05 17 27.118     1996 05 29  05 17 30.000
1996 05 29  05 17 30.505     1996 05 29  05 17 32.682
1996 05 29  05 17 33.050     1996 05 29  05 17 36.070
1996 05 29  05 17 36.594     1996 05 29  05 17 38.529
1996 05 29  05 17 39.013     1996 05 29  05 17 42.037
1996 05 29  05 17 42.763     1996 05 29  05 17 44.578
1996 05 29  05 17 44.950     1996 05 29  05 17 47.950
1996 05 29  05 17 48.328     1996 05 29  05 18 13.000
1996 05 29  05 17 51.715     1996 05 29  05 17 53.287
1996 05 29  05 17 57.279     1996 05 29  05 17 58.950
1996 05 29  05 18 00.908     1996 05 29  05 18 02.481
1996 05 29  05 18 02.844     1996 05 29  05 18 05.989
1996 05 29  05 18 10.586     1996 05 29  05 18 11.674
1996 05 29  05 18 12.158     1996 05 29  05 18 14.336
1996 05 29  05 18 14.699     1996 05 29  05 18 17.723
1996 05 29  05 18 18.449     1996 05 29  05 18 20.384
1996 05 29  05 18 20.747     1996 05 29  05 18 38.000
1996 05 29  05 18 26.715     1996 05 29  05 18 29.500
1996 05 29  05 18 33.852     1996 05 29  05 18 35.545
1996 05 29  05 18 38.570     1996 05 29  05 18 41.594
1996 05 29  05 18 42.320     1996 05 29  05 18 44.013
1996 05 29  05 18 44.376     1996 05 29  05 18 47.521
1996 05 29  05 18 48.368     1996 05 29  05 18 49.941
1996 05 29  05 18 50.424     1996 05 29  05 19 05.000
1996 05 29  05 19 03.610     1996 05 29  05 19 07.844
1996 05 29  05 19 08.449     1996 05 29  05 19 11.352
1996 05 29  05 19 12.199     1996 05 29  05 19 13.892
1996 05 29  05 19 14.400     1996 05 29  05 19 17.279
1996 05 29  05 19 17.803     1996 05 29  05 19 19.618
1996 05 29  05 19 20.223     1996 05 29  05 19 23.247
1996 05 29  05 19 23.973     1996 05 29  05 19 25.666
1996 05 29  05 19 26.271     1996 05 29  05 19 29.174
1996 05 29  05 19 29.900     1996 05 29  05 19 31.715
1996 05 29  05 19 32.199     1996 05 29  05 22 00.000
1996 05 29  05 19 37.037     1996 05 29  05 19 37.642
1996 05 29  05 19 41.997     1996 05 29  05 19 42.723
1996 05 29  05 19 45.747     1996 05 29  05 19 46.110
1996 05 29  05 21 08.811     1996 05 29  05 21 09.053
1996 05 29  05 21 15.223     1996 05 29  05 21 15.586
1996 05 29  05 21 18.005     1996 05 29  05 21 18.489
1996 05 29  05 21 21.029     1996 05 29  05 21 21.392
1996 05 29  05 21 27.199     1996 05 29  05 21 27.561
1996 05 29  05 21 33.731     1996 05 29  05 21 34.094
1996 05 29  05 21 39.053     1996 05 29  05 21 39.658
1996 05 29  05 21 41.110     1996 05 29  05 21 42.682
1996 05 29  05 21 43.086     1996 05 29  05 21 45.747
1996 05 29  05 21 50.707     1996 05 29  05 21 51.553
1996 05 29  05 21 56.755     1996 05 29  05 21 57.360
1996 05 29  05 22 01.110     1996 05 29  05 22 03.892
1996 05 29  05 22 05.223     1996 05 29  05 22 06.553
1996 05 29  05 22 07.158     1996 05 29  05 22 09.941
1996 05 29  05 22 11.000     1996 05 29  05 22 21.795
1996 05 29  05 22 22.158     1996 05 29  05 22 23.610
1996 05 29  05 22 26.271     1996 05 29  05 22 45.000
1996 05 29  05 22 31.715     1996 05 29  05 22 33.529
1996 05 29  05 22 38.045     1996 05 29  05 22 39.376
1996 05 29  05 22 39.981     1996 05 29  05 22 40.949
1996 05 29  05 22 41.553     1996 05 29  05 22 42.037
1996 05 29  05 22 44.215     1996 05 29  05 22 57.000
1996 05 29  05 22 47.723     1996 05 29  05 22 48.328
1996 05 29  05 22 55.707     1996 05 29  05 22 56.311
1996 05 29  05 23 00.908     1996 05 29  05 23 03.207
1996 05 29  05 23 06.836     1996 05 29  05 23 09.497
1996 05 29  05 23 12.000     1996 05 29  05 23 27.000
1996 05 29  05 23 23.287     1996 05 29  05 23 23.892
1996 05 29  05 23 27.924     1996 05 29  05 23 28.771
1996 05 29  05 23 31.191     1996 05 29  05 23 32.037
1996 05 29  05 23 33.852     1996 05 29  05 23 34.578
1996 05 29  05 23 36.271     1996 05 29  05 23 38.691
1996 05 29  05 23 39.295     1996 05 29  05 23 41.110
1996 05 29  05 23 42.682     1996 05 29  05 23 44.739
1996 05 29  05 23 48.750     1996 05 29  05 23 50.787
1996 05 29  05 23 54.416     1996 05 29  05 23 56.715
1996 05 29  05 24 00.850     1996 05 29  05 24 02.279
1996 05 29  05 24 03.731     1996 05 29  05 24 04.820
1996 05 29  05 24 06.525     1996 05 29  05 24 08.570
1996 05 29  05 24 12.650     1996 05 29  05 24 14.376
1996 05 29  05 24 15.142     1996 05 29  05 24 16.957
1996 05 29  05 24 18.550     1996 05 29  05 24 31.000
1996 05 29  05 24 30.626     1996 05 29  05 24 31.715
1996 05 29  05 24 36.432     1996 05 29  05 24 37.763
1996 05 29  05 24 39.215     1996 05 29  05 24 40.666
1996 05 29  05 24 42.239     1996 05 29  05 24 44.295
1996 05 29  05 24 45.142     1996 05 29  05 24 46.473
1996 05 29  05 24 48.045     1996 05 29  05 24 50.465
1996 05 29  05 24 54.094     1996 05 29  05 24 56.150
1996 05 29  05 25 00.263     1996 05 29  05 25 01.473
1996 05 29  05 25 06.473     1996 05 29  05 25 07.561
1996 05 29  05 25 12.158     1996 05 29  05 25 13.731
1996 05 29  05 25 18.086     1996 05 29  05 25 19.658
1996 05 29  05 25 23.892     1996 05 29  05 25 25.828
1996 05 29  05 25 29.820     1996 05 29  05 25 31.634
1996 05 29  05 25 35.384     1996 05 29  05 25 39.981
1996 05 29  05 25 41.795     1996 05 29  05 25 46.150
1996 05 29  05 25 47.965     1996 05 29  05 25 49.174
1996 05 29  05 25 50.868     1996 05 29  05 25 51.715
1996 05 29  05 25 53.691     1996 05 29  05 25 55.626
1996 05 29  05 25 59.618     1996 05 29  05 26 01.432
1996 05 29  05 26 05.545     1996 05 29  05 26 07.602
1996 05 29  05 26 11.352     1996 05 29  05 26 13.650
1996 05 29  05 26 14.376     1996 05 29  05 26 28.000
1996 05 29  05 26 29.497     1996 05 29  05 26 43.000
1996 05 29  05 26 36.271     1996 05 29  05 26 36.755
1996 05 29  05 26 40.263     1996 05 29  05 26 41.231
1996 05 29  05 26 42.078     1996 05 29  05 26 43.287
1996 05 29  05 26 44.053     1996 05 29  05 26 45.021
1996 05 29  05 26 47.199     1996 05 29  05 26 49.497
1996 05 29  05 26 53.852     1996 05 29  05 26 55.424
1996 05 29  05 26 56.513     1996 05 29  05 26 57.602
1996 05 29  05 26 59.174     1996 05 29  05 27 01.473
1996 05 29  05 27 02.078     1996 05 29  05 27 04.013
1996 05 29  05 27 04.497     1996 05 29  05 27 07.642
1996 05 29  05 27 08.247     1996 05 29  05 27 08.973
1996 05 29  05 27 10.908     1996 05 29  05 27 13.570
1996 05 29  05 27 16.836     1996 05 29  05 27 19.497
1996 05 29  05 27 22.763     1996 05 29  05 27 25.182
1996 05 29  05 27 29.000     1996 05 29  05 29 54.000
1996 05 29  05 27 33.086     1996 05 29  05 27 33.932
1996 05 29  05 27 39.981     1996 05 29  05 27 41.432
1996 05 29  05 27 44.457     1996 05 29  05 27 45.545
1996 05 29  05 27 50.868     1996 05 29  05 27 51.715
1996 05 29  05 27 57.037     1996 05 29  05 27 58.489
1996 05 29  05 28 15.303     1996 05 29  05 28 16.150
1996 05 29  05 28 17.844     1996 05 29  05 28 18.328
1996 05 29  05 28 24.255     1996 05 29  05 28 25.102
1996 05 29  05 28 26.311     1996 05 29  05 28 27.642
1996 05 29  05 28 28.350     1996 05 29  05 28 29.739
1996 05 29  05 28 31.795     1996 05 29  05 28 33.610
1996 05 29  05 28 34.350     1996 05 29  05 28 36.876
1996 05 29  05 28 37.844     1996 05 29  05 28 40.021
1996 05 29  05 28 44.255     1996 05 29  05 28 44.860
1996 05 29  05 28 56.473     1996 05 29  05 29 00.344
1996 05 29  05 29 10.747     1996 05 29  05 29 12.199
1996 05 29  05 29 14.013     1996 05 29  05 29 15.586
1996 05 29  05 29 22.521     1996 05 29  05 29 23.126
1996 05 29  05 29 28.449     1996 05 29  05 29 30.747
1996 05 29  05 29 31.473     1996 05 29  05 29 33.166
1996 05 29  05 29 33.771     1996 05 29  05 29 34.255
1996 05 29  05 29 37.884     1996 05 29  05 29 39.215
1996 05 29  05 29 39.699     1996 05 29  05 29 42.602
1996 05 29  05 29 43.086     1996 05 29  05 29 45.142
1996 05 29  05 29 45.747     1996 05 29  05 29 47.924
1996 05 29  05 29 48.287     1996 05 29  05 29 54.457
1996 05 29  05 29 57.602     1996 05 29  05 30 00.142
1996 05 29  05 30 03.650     1996 05 29  05 30 06.311
1996 05 29  05 30 07.803     1996 05 29  05 30 08.650
1996 05 29  05 30 09.497     1996 05 29  05 30 12.158
1996 05 29  05 30 13.731     1996 05 29  05 30 14.820
1996 05 29  05 30 15.545     1996 05 29  05 30 18.449
1996 05 29  05 30 19.900     1996 05 29  05 30 20.747
1996 05 29  05 30 21.594     1996 05 29  05 30 24.255
1996 05 29  05 30 25.586     1996 05 29  05 30 26.553
1996 05 29  05 30 27.521     1996 05 29  05 30 30.061
1996 05 29  05 30 33.449     1996 05 29  05 30 36.231
1996 05 29  05 30 37.682     1996 05 29  05 30 38.771
1996 05 29  05 30 39.500     1996 05 29  05 30 42.000
1996 05 29  05 30 43.368     1996 05 29  05 30 44.699
1996 05 29  05 30 45.424     1996 05 29  05 30 47.844
1996 05 29  05 30 49.779     1996 05 29  05 30 50.263
1996 05 29  05 30 51.231     1996 05 29  05 30 54.134
1996 05 29  05 30 55.586     1996 05 29  05 30 56.432
1996 05 29  05 30 57.320     1996 05 29  05 30 59.860
1996 05 29  05 31 01.674     1996 05 29  05 31 02.400
1996 05 29  05 31 03.126     1996 05 29  05 31 05.787
1996 05 29  05 31 07.481     1996 05 29  05 31 08.328
1996 05 29  05 31 09.174     1996 05 29  05 31 11.957
1996 05 29  05 31 13.408     1996 05 29  05 31 14.497
1996 05 29  05 31 15.102     1996 05 29  05 31 17.763
1996 05 29  05 31 21.029     1996 05 29  05 31 23.811
1996 05 29  05 31 24.537     1996 05 29  05 31 25.142
1996 05 29  05 31 26.957     1996 05 29  05 31 29.618
1996 05 29  05 31 33.250     1996 05 29  05 31 35.424
1996 05 29  05 31 36.150     1996 05 29  05 31 37.723
1996 05 29  05 31 39.053     1996 05 29  05 31 41.352
1996 05 29  05 31 41.957     1996 05 29  05 31 50.000
1996 05 29  05 31 45.384     1996 05 29  05 31 47.682
1996 05 29  05 31 49.376     1996 05 29  05 36 10.000
1996 05 29  05 31 58.086     1996 05 29  05 31 58.811
1996 05 29  05 32 03.900     1996 05 29  05 32 04.739
1996 05 29  05 32 09.578     1996 05 29  05 32 09.941
1996 05 29  05 32 15.868     1996 05 29  05 32 16.715
1996 05 29  05 32 46.150     1996 05 29  05 32 47.239
1996 05 29  05 32 51.715     1996 05 29  05 32 52.078
1996 05 29  05 33 16.271     1996 05 29  05 33 16.755
1996 05 29  05 33 30.465     1996 05 29  05 33 30.949
1996 05 29  05 33 33.489     1996 05 29  05 33 33.731
1996 05 29  05 33 42.199     1996 05 29  05 33 42.682
1996 05 29  05 34 14.134     1996 05 29  05 34 14.860
1996 05 29  05 34 26.392     1996 05 29  05 34 27.481
1996 05 29  05 34 38.852     1996 05 29  05 34 39.941
1996 05 29  05 34 41.513     1996 05 29  05 34 42.360
1996 05 29  05 34 46.957     1996 05 29  05 34 47.924
1996 05 29  05 34 53.973     1996 05 29  05 34 54.699
1996 05 29  05 35 03.045     1996 05 29  05 35 04.013
1996 05 29  05 35 05.263     1996 05 29  05 35 06.594
1996 05 29  05 35 08.408     1996 05 29  05 35 09.860
1996 05 29  05 35 13.973     1996 05 29  05 35 16.150
1996 05 29  05 35 17.602     1996 05 29  05 35 19.658
1996 05 29  05 35 20.142     1996 05 29  05 35 22.682
1996 05 29  05 35 27.037     1996 05 29  05 35 27.400
1996 05 29  05 35 29.336     1996 05 29  05 35 31.150
1996 05 29  05 35 38.650     1996 05 29  05 35 39.255
1996 05 29  05 35 41.311     1996 05 29  05 35 42.642
1996 05 29  05 35 43.005     1996 05 29  05 35 51.594
1996 05 29  05 35 56.836     1996 05 29  05 35 57.803
1996 05 29  05 35 59.376     1996 05 29  05 36 00.707
1996 05 29  05 36 02.037     1996 05 29  05 36 02.884
1996 05 29  05 36 05.061     1996 05 29  05 36 06.513
1996 05 29  05 36 07.602     1996 05 29  05 36 09.779
1996 05 29  05 36 10.505     1996 05 29  05 36 15.586
1996 05 29  05 36 16.311     1996 05 29  05 36 18.247
1996 05 29  05 36 18.731     1996 05 29  05 36 21.755
1996 05 29  05 36 22.360     1996 05 29  05 36 24.295
1996 05 29  05 36 24.779     1996 05 29  05 36 27.803
1996 05 29  05 36 28.650     1996 05 29  05 36 30.223
1996 05 29  05 36 30.707     1996 05 29  05 36 33.852
1996 05 29  05 36 34.336     1996 05 29  05 36 36.271
1996 05 29  05 36 36.634     1996 05 29  05 36 39.658
1996 05 29  05 36 40.384     1996 05 29  05 40 00.000
1996 05 29  05 36 42.682     1996 05 29  05 36 45.586
1996 05 29  05 36 46.231     1996 05 29  05 36 48.166
1996 05 29  05 36 52.279     1996 05 29  05 36 53.973
1996 05 29  05 36 54.457     1996 05 29  05 36 59.900
1996 05 29  05 37 00.505     1996 05 29  05 37 03.287
1996 05 29  05 37 04.497     1996 05 29  05 37 09.336
1996 05 29  05 37 13.449     1996 05 29  05 37 15.263
1996 05 29  05 37 19.497     1996 05 29  05 37 21.311
1996 05 29  05 37 22.400     1996 05 29  05 37 26.876
1996 05 29  05 37 30.142     1996 05 29  05 37 33.166
1996 05 29  05 37 34.860     1996 05 29  05 37 36.432
1996 05 29  05 37 37.037     1996 05 29  05 37 38.852
1996 05 29  05 37 43.005     1996 05 29  05 37 44.699
1996 05 29  05 37 46.392     1996 05 29  05 37 47.239
1996 05 29  05 37 49.053     1996 05 29  05 37 49.537
1996 05 29  05 37 52.561     1996 05 29  05 37 54.255
1996 05 29  05 37 54.739     1996 05 29  05 37 55.344
1996 05 29  05 37 58.368     1996 05 29  05 37 58.731
1996 05 29  05 38 00.908     1996 05 29  05 38 02.965
1996 05 29  05 38 03.691     1996 05 29  05 38 05.626
1996 05 29  05 38 05.989     1996 05 29  05 38 08.892
1996 05 29  05 38 13.368     1996 05 29  05 38 13.973
1996 05 29  05 38 16.271     1996 05 29  05 38 16.876
1996 05 29  05 38 19.416     1996 05 29  05 38 20.142
1996 05 29  05 38 22.078     1996 05 29  05 38 22.924
1996 05 29  05 38 24.134     1996 05 29  05 38 26.432
1996 05 29  05 38 27.199     1996 05 29  05 38 29.376
1996 05 29  05 38 30.344     1996 05 29  05 38 32.279
1996 05 29  05 38 33.368     1996 05 29  05 38 35.424
1996 05 29  05 38 35.800     1996 05 29  05 38 38.932
1996 05 29  05 38 39.416     1996 05 29  05 38 41.957
1996 05 29  05 38 42.199     1996 05 29  05 38 44.255
1996 05 29  05 38 45.102     1996 05 29  05 38 47.400
1996 05 29  05 38 48.973     1996 05 29  05 38 50.303
1996 05 29  05 38 51.392     1996 05 29  05 38 52.965
1996 05 29  05 38 59.981     1996 05 29  05 39 01.432
1996 05 29  05 39 02.158     1996 05 29  05 39 03.005
1996 05 29  05 39 03.368     1996 05 29  05 39 04.215
1996 05 29  05 39 07.239     1996 05 29  05 39 07.481
1996 05 29  05 39 07.500     1996 05 29  05 39 10.989
1996 05 29  05 39 11.473     1996 05 29  05 39 17.158
1996 05 29  05 39 17.803     1996 05 29  05 39 35.675
1996 05 29  05 39 36.191     1996 05 29  05 39 38.368
1996 05 29  05 39 38.731     1996 05 29  05 39 41.634
1996 05 29  05 39 42.239     1996 05 29  05 39 52.763
1996 05 29  05 39 53.126     1996 05 29  05 39 56.271
1996 05 29  05 39 56.755     1996 05 29  05 40 04.618
1996 05 29  05 40 05.102     1996 05 29  05 40 08.126
1996 05 29  05 40 08.771     1996 05 29  05 40 10.586
1996 05 29  05 40 11.070     1996 05 29  05 40 13.973
1996 05 29  05 40 14.820     1996 05 29  05 40 16.513
1996 05 29  05 40 16.997     1996 05 29  05 45 30.000
1996 05 29  05 40 23.529     1996 05 29  05 40 24.013
1996 05 29  05 40 26.795     1996 05 29  05 40 28.368
1996 05 29  05 40 30.061     1996 05 29  05 40 30.908
1996 05 29  05 40 32.723     1996 05 29  05 40 34.174
1996 05 29  05 40 37.320     1996 05 29  05 40 37.803
1996 05 29  05 40 38.650     1996 05 29  05 40 40.465
1996 05 29  05 40 42.279     1996 05 29  05 40 43.852
1996 05 29  05 40 45.182     1996 05 29  05 40 46.513
1996 05 29  05 40 48.700     1996 05 29  05 40 49.779
1996 05 29  05 40 51.110     1996 05 29  05 40 52.199
1996 05 29  05 40 54.134     1996 05 29  05 40 55.586
1996 05 29  05 40 56.553     1996 05 29  05 40 58.368
1996 05 29  05 40 58.771     1996 05 29  05 41 01.553
1996 05 29  05 41 02.158     1996 05 29  05 41 03.610
1996 05 29  05 41 04.699     1996 05 29  05 41 05.061
1996 05 29  05 41 06.150     1996 05 29  05 41 06.392
1996 05 29  05 41 12.320     1996 05 29  05 41 12.682
1996 05 29  05 41 15.102     1996 05 29  05 41 16.191
1996 05 29  05 41 17.642     1996 05 29  05 41 18.731
1996 05 29  05 41 20.303     1996 05 29  05 41 22.118
1996 05 29  05 41 24.053     1996 05 29  05 41 24.658
1996 05 29  05 41 26.957     1996 05 29  05 41 27.924
1996 05 29  05 41 30.102     1996 05 29  05 41 30.344
1996 05 29  05 41 53.610     1996 05 29  05 41 57.844
1996 05 29  05 42 04.981     1996 05 29  05 42 07.037
1996 05 29  05 42 08.368     1996 05 29  05 42 09.941
1996 05 29  05 42 10.666     1996 05 29  05 42 11.997
1996 05 29  05 42 14.053     1996 05 29  05 42 19.013
1996 05 29  05 42 20.465     1996 05 29  05 42 21.311
1996 05 29  05 42 23.973     1996 05 29  05 42 24.457
1996 05 29  05 42 29.658     1996 05 29  05 42 30.142
1996 05 29  05 42 35.707     1996 05 29  05 42 36.311
1996 05 29  05 42 54.255     1996 05 29  05 42 54.497
1996 05 29  05 42 55.949     1996 05 29  05 42 57.037
1996 05 29  05 42 59.336     1996 05 29  05 43 00.424
1996 05 29  05 43 02.239     1996 05 29  05 43 03.570
1996 05 29  05 43 04.779     1996 05 29  05 43 07.078
1996 05 29  05 43 11.070     1996 05 29  05 43 12.400
1996 05 29  05 43 29.376     1996 05 29  05 43 30.465
1996 05 29  05 44 07.723     1996 05 29  05 44 08.207
1996 05 29  05 44 16.715     1996 05 29  05 44 17.682
1996 05 29  05 44 19.860     1996 05 29  05 44 21.070
1996 05 29  05 44 28.207     1996 05 29  05 44 29.174
1996 05 29  05 44 30.868     1996 05 29  05 44 31.352
1996 05 29  05 44 36.070     1996 05 29  05 44 36.674
1996 05 29  05 44 40.787     1996 05 29  05 44 41.392
1996 05 29  05 44 49.618     1996 05 29  05 44 50.465
1996 05 29  05 44 51.795     1996 05 29  05 44 53.126
1996 05 29  05 44 54.457     1996 05 29  05 44 56.513
1996 05 29  05 45 00.263     1996 05 29  05 45 02.078
1996 05 29  05 45 06.674     1996 05 29  05 45 07.884
1996 05 29  05 45 21.836     1996 05 29  05 45 25.828
1996 05 29  05 45 27.279     1996 05 29  05 45 35.384
1996 05 29  05 45 38.771     1996 05 29  05 45 41.432
1996 05 29  05 45 43.005     1996 05 29  05 45 43.973
1996 05 29  05 45 44.699     1996 05 29  05 45 47.602
1996 05 29  05 45 48.811     1996 05 29  05 45 50.142
1996 05 29  05 45 50.505     1996 05 29  05 45 53.287
1996 05 29  05 45 54.376     1996 05 29  05 45 55.949
1996 05 29  05 45 56.352     1996 05 29  05 45 59.618
1996 05 29  05 46 00.465     1996 05 29  05 46 01.950
1996 05 29  05 46 02.500     1996 05 29  05 46 05.545
1996 05 29  05 46 06.150     1996 05 29  05 46 07.965
1996 05 29  05 46 08.449     1996 05 29  05 46 11.231
1996 05 29  05 46 12.320     1996 05 29  05 46 13.892
1996 05 29  05 46 14.376     1996 05 29  05 46 17.279
1996 05 29  05 46 18.368     1996 05 29  05 46 19.820
1996 05 29  05 46 20.424     1996 05 29  05 46 23.207
1996 05 29  05 46 24.174     1996 05 29  05 46 25.747
1996 05 29  05 46 26.231     1996 05 29  05 46 29.255
1996 05 29  05 46 30.102     1996 05 29  05 46 31.674
1996 05 29  05 46 32.400     1996 05 29  05 46 35.061
1996 05 29  05 46 36.513     1996 05 29  05 46 37.844
1996 05 29  05 46 38.250     1996 05 29  05 46 41.110
1996 05 29  05 46 42.441     1996 05 29  05 46 43.529
1996 05 29  05 46 44.255     1996 05 29  05 46 47.158
1996 05 29  05 46 48.287     1996 05 29  05 46 49.497
1996 05 29  05 46 50.223     1996 05 29  05 46 52.884
1996 05 29  05 46 54.336     1996 05 29  05 46 55.666
1996 05 29  05 46 56.150     1996 05 29  05 46 59.050
1996 05 29  05 46 59.658     1996 05 29  05 47 10.000
1996 05 29  05 47 01.957     1996 05 29  05 47 05.102
1996 05 29  05 47 05.586     1996 05 29  05 47 07.400
1996 05 29  05 47 08.973     1996 05 29  05 47 13.000
1996 05 29  05 47 11.513     1996 05 29  05 47 13.449
1996 05 29  05 47 14.000     1996 05 29  05 47 16.750
1996 05 29  05 47 17.682     1996 05 29  05 47 19.300
1996 05 29  05 47 19.860     1996 05 29  05 47 31.000
1996 05 29  05 47 23.610     1996 05 29  05 47 25.303
1996 05 29  05 47 29.537     1996 05 29  05 47 31.352
1996 05 29  05 47 31.957     1996 05 29  05 47 34.860
1996 05 29  05 47 35.586     1996 05 29  05 47 37.279
1996 05 29  05 47 37.803     1996 05 29  05 47 40.586
1996 05 29  05 47 43.731     1996 05 29  05 47 46.513
1996 05 29  05 47 49.658     1996 05 29  05 47 52.550
1996 05 29  05 47 53.166     1996 05 29  05 47 55.102
1996 05 29  05 47 55.586     1996 05 29  05 47 58.731
1996 05 29  05 47 59.336     1996 05 29  05 48 01.150
1996 05 29  05 48 01.600     1996 05 29  05 48 07.000
1996 05 29  05 48 07.561     1996 05 29  05 48 10.707
1996 05 29  05 48 11.553     1996 05 29  05 48 13.126
1996 05 29  05 48 13.489     1996 05 29  05 48 15.303
1996 05 29  05 48 17.844     1996 05 29  05 48 28.000
1996 05 29  05 48 20.989     1996 05 29  05 48 21.715
1996 05 29  05 48 23.287     1996 05 29  05 48 25.223
1996 05 29  05 48 26.110     1996 05 29  05 48 28.287
1996 05 29  05 48 29.376     1996 05 29  05 48 30.828
1996 05 29  05 48 31.553     1996 05 29  05 48 34.336
1996 05 29  05 48 34.941     1996 05 29  05 48 36.755
1996 05 29  05 48 37.360     1996 05 29  05 48 50.000
1996 05 29  05 48 41.594     1996 05 29  05 48 42.924
1996 05 29  05 48 43.892     1996 05 29  05 48 45.949
1996 05 29  05 48 47.037     1996 05 29  05 48 52.200
1996 05 29  05 48 52.723     1996 05 29  05 48 54.779
1996 05 29  05 48 55.142     1996 05 29  05 49 00.707
1996 05 29  05 49 01.191     1996 05 29  05 49 04.215
1996 05 29  05 49 05.182     1996 05 29  05 49 06.755
1996 05 29  05 49 07.239     1996 05 29  05 49 10.021
1996 05 29  05 49 11.473     1996 05 29  05 49 12.561
1996 05 29  05 49 13.045     1996 05 29  05 49 16.070
1996 05 29  05 49 17.078     1996 05 29  05 49 18.529
1996 05 29  05 49 19.013     1996 05 29  05 49 22.037
1996 05 29  05 49 22.400     1996 05 29  05 49 24.578
1996 05 29  05 49 24.941     1996 05 29  05 49 40.000
1996 05 29  05 49 29.416     1996 05 29  05 49 30.747
1996 05 29  05 49 32.078     1996 05 29  05 49 34.013
1996 05 29  05 49 34.860     1996 05 29  05 49 36.432
1996 05 29  05 49 36.795     1996 05 29  05 49 39.941
1996 05 29  05 49 40.545     1996 05 29  05 49 42.481
1996 05 29  05 49 42.844     1996 05 29  05 49 45.747
1996 05 29  05 49 47.320     1996 05 29  05 49 48.166
1996 05 29  05 49 48.892     1996 05 29  05 49 51.674
1996 05 29  05 49 54.941     1996 05 29  05 49 57.360
1996 05 29  05 50 01.110     1996 05 29  05 50 03.045
1996 05 29  05 50 07.561     1996 05 29  05 50 08.892
1996 05 29  05 50 25.102     1996 05 29  05 50 26.553
1996 05 29  05 50 30.666     1996 05 29  05 50 33.449
1996 05 29  05 50 34.537     1996 05 29  05 50 35.989
1996 05 29  05 50 36.473     1996 05 29  05 50 39.376
1996 05 29  05 50 39.860     1996 05 29  05 50 45.182
1996 05 29  05 50 48.691     1996 05 29  05 50 51.110
1996 05 29  05 51 30.465     1996 05 29  05 51 31.432
1996 05 29  05 51 39.537     1996 05 29  05 51 41.715
1996 05 29  05 51 42.000     1996 05 29  05 51 45.102
1996 05 29  05 51 45.949     1996 05 29  05 51 47.400
1996 05 29  05 51 48.045     1996 05 29  05 51 50.949
1996 05 29  05 51 52.279     1996 05 29  05 51 53.247
1996 05 29  05 51 54.000     1996 05 29  05 51 56.876
1996 05 29  05 51 57.360     1996 05 29  05 51 59.295
1996 05 29  05 51 59.779     1996 05 29  05 52 02.803
1996 05 29  05 52 03.287     1996 05 29  05 52 08.731
1996 05 29  05 52 09.820     1996 05 29  05 52 14.658
1996 05 29  05 52 15.626     1996 05 29  05 52 17.320
1996 05 29  05 52 18.650     1996 05 29  05 53 50.000
1996 05 29  05 52 30.868     1996 05 29  05 52 32.441
1996 05 29  05 52 36.836     1996 05 29  05 52 37.924
1996 05 29  05 52 45.545     1996 05 29  05 52 47.118
1996 05 29  05 52 48.449     1996 05 29  05 52 50.384
1996 05 29  05 52 51.473     1996 05 29  05 52 53.166
1996 05 29  05 52 54.134     1996 05 29  05 52 56.191
1996 05 29  05 52 57.763     1996 05 29  05 52 58.852
1996 05 29  05 53 00.061     1996 05 29  05 53 02.239
1996 05 29  05 53 03.086     1996 05 29  05 53 04.416
1996 05 29  05 53 06.231     1996 05 29  05 53 06.836
1996 05 29  05 53 09.860     1996 05 29  05 53 10.586
1996 05 29  05 53 18.691     1996 05 29  05 53 19.053
1996 05 29  05 53 24.739     1996 05 29  05 53 25.586
1996 05 29  05 53 30.102     1996 05 29  05 53 30.828
1996 05 29  05 53 33.368     1996 05 29  05 53 34.820
1996 05 29  05 53 36.392     1996 05 29  05 53 37.844
1996 05 29  05 53 39.053     1996 05 29  05 53 40.747
1996 05 29  05 53 41.231     1996 05 29  05 53 44.013
1996 05 29  05 53 44.497     1996 05 29  05 53 55.021
1996 05 29  05 53 56.473     1996 05 29  05 53 58.650
1996 05 29  05 53 59.497     1996 05 29  05 54 02.037
1996 05 29  05 54 03.368     1996 05 29  05 54 04.578
1996 05 29  05 54 04.941     1996 05 29  05 55 15.000
1996 05 29  05 54 09.053     1996 05 29  05 54 10.384
1996 05 29  05 54 11.715     1996 05 29  05 54 13.529
1996 05 29  05 54 15.021     1996 05 29  05 54 16.352
1996 05 29  05 54 16.836     1996 05 29  05 54 19.376
1996 05 29  05 54 20.344     1996 05 29  05 54 22.521
1996 05 29  05 54 23.610     1996 05 29  05 54 25.787
1996 05 29  05 54 26.997     1996 05 29  05 54 28.449
1996 05 29  05 54 28.691     1996 05 29  05 54 34.013
1996 05 29  05 54 38.852     1996 05 29  05 54 39.699
1996 05 29  05 54 48.650     1996 05 29  05 54 49.618
1996 05 29  05 54 50.949     1996 05 29  05 54 52.037
1996 05 29  05 54 54.094     1996 05 29  05 54 54.941
1996 05 29  05 54 56.271     1996 05 29  05 54 58.328
1996 05 29  05 54 58.691     1996 05 29  05 55 00.989
1996 05 29  05 55 05.344     1996 05 29  05 55 07.158
1996 05 29  05 55 11.432     1996 05 29  05 55 13.126
1996 05 29  05 55 14.094     1996 05 29  05 55 15.908
1996 05 29  05 55 16.392     1996 05 29  05 55 19.295
1996 05 29  05 55 22.561     1996 05 29  05 55 24.981
1996 05 29  05 55 26.795     1996 05 29  05 55 27.642
1996 05 29  05 55 28.126     1996 05 29  05 55 31.029
1996 05 29  05 55 31.634     1996 05 29  05 55 33.449
1996 05 29  05 55 34.295     1996 05 29  05 55 36.715
1996 05 29  05 55 40.344     1996 05 29  05 55 42.884
1996 05 29  05 55 46.150     1996 05 29  05 55 48.932
1996 05 29  05 55 52.320     1996 05 29  05 55 54.981
1996 05 29  05 55 57.000     1996 05 29  05 56 21.000
1996 05 29  05 56 05.303     1996 05 29  05 56 06.755
1996 05 29  05 56 08.570     1996 05 29  05 56 09.416
1996 05 29  05 56 10.989     1996 05 29  05 56 12.682
1996 05 29  05 56 13.771     1996 05 29  05 56 15.102
1996 05 29  05 56 19.336     1996 05 29  05 56 21.271
1996 05 29  05 56 21.876     1996 05 29  05 56 24.658
1996 05 29  05 56 26.594     1996 05 29  05 56 27.199
1996 05 29  05 56 28.045     1996 05 29  05 56 30.949
1996 05 29  05 56 32.279     1996 05 29  05 56 33.368
1996 05 29  05 56 34.094     1996 05 29  05 56 36.513
1996 05 29  05 56 39.900     1996 05 29  05 56 42.441
1996 05 29  05 56 43.287     1996 05 29  05 56 45.344
1996 05 29  05 56 46.231     1996 05 29  06 00 40.000
1996 05 29  05 56 52.763     1996 05 29  05 56 54.699
1996 05 29  05 56 58.811     1996 05 29  05 57 00.626
1996 05 29  05 57 01.231     1996 05 29  05 57 03.287
1996 05 29  05 57 03.650     1996 05 29  05 57 06.795
1996 05 29  05 57 07.763     1996 05 29  05 57 09.336
1996 05 29  05 57 10.666     1996 05 29  05 57 10.908
1996 05 29  05 57 11.513     1996 05 29  05 57 11.997
1996 05 29  05 57 16.957     1996 05 29  05 57 17.320
1996 05 29  05 57 20.586     1996 05 29  05 57 21.311
1996 05 29  05 57 23.610     1996 05 29  05 57 24.094
1996 05 29  05 57 29.174     1996 05 29  05 57 29.900
1996 05 29  05 57 41.674     1996 05 29  05 57 42.158
1996 05 29  05 57 47.481     1996 05 29  05 57 48.328
1996 05 29  05 58 15.545     1996 05 29  05 58 17.965
1996 05 29  05 58 19.295     1996 05 29  05 58 20.868
1996 05 29  05 58 40.263     1996 05 29  05 58 41.110
1996 05 29  05 58 49.215     1996 05 29  05 58 50.182
1996 05 29  05 58 51.876     1996 05 29  05 58 53.449
1996 05 29  05 58 55.263     1996 05 29  05 58 57.320
1996 05 29  05 58 57.803     1996 05 29  05 59 02.279
1996 05 29  05 59 02.763     1996 05 29  05 59 05.787
1996 05 29  05 59 06.392     1996 05 29  05 59 08.207
1996 05 29  05 59 09.450     1996 05 29  05 59 11.594
1996 05 29  05 59 12.803     1996 05 29  05 59 14.860
1996 05 29  05 59 15.747     1996 05 29  05 59 17.441
1996 05 29  05 59 18.529     1996 05 29  05 59 20.344
1996 05 29  05 59 21.311     1996 05 29  05 59 22.400
1996 05 29  05 59 23.973     1996 05 29  05 59 26.029
1996 05 29  05 59 39.941     1996 05 29  05 59 40.666
1996 05 29  05 59 42.965     1996 05 29  05 59 43.932
1996 05 29  05 59 51.311     1996 05 29  05 59 52.763
1996 05 29  05 59 54.578     1996 05 29  05 59 55.303
1996 05 29  05 59 56.634     1996 05 29  05 59 58.725
1996 05 29  05 59 59.863     1996 05 29  06 00 02.161
1996 05 29  06 00 03.492     1996 05 29  06 00 04.944
1996 05 29  06 00 06.032     1996 05 29  06 00 08.210
1996 05 29  06 00 09.661     1996 05 29  06 00 10.975
1996 05 29  06 00 15.710     1996 05 29  06 00 17.282
1996 05 29  06 00 18.613     1996 05 29  06 00 19.944
1996 05 29  06 00 20.791     1996 05 29  06 00 23.210
1996 05 29  06 00 24.299     1996 05 29  06 00 25.992
1996 05 29  06 00 26.234     1996 05 29  06 00 29.258
1996 05 29  06 00 30.105     1996 05 29  06 00 31.799
1996 05 29  06 00 33.129     1996 05 29  06 00 34.702
1996 05 29  06 00 35.226     1996 05 29  06 00 37.645
1996 05 29  06 00 38.200     1996 05 29  06 00 41.032
1996 05 29  06 00 41.300     1996 05 29  06 00 41.879
1996 05 29  06 00 42.363     1996 05 29  06 00 43.452
1996 05 29  06 00 44.178     1996 05 29  06 00 46.839
1996 05 29  06 00 47.807     1996 05 29  06 00 49.500
1996 05 29  06 00 50.105     1996 05 29  06 00 52.766
1996 05 29  06 00 53.613     1996 05 29  06 00 55.549
1996 05 29  06 00 55.911     1996 05 29  06 00 58.936
1996 05 29  06 00 59.782     1996 05 29  06 01 01.476
1996 05 29  06 01 01.960     1996 05 29  06 01 07.282
1996 05 29  06 01 07.887     1996 05 29  06 01 10.791
1996 05 29  06 01 11.516     1996 05 29  06 01 13.331
1996 05 29  06 01 13.694     1996 05 29  06 01 16.718
1996 05 29  06 01 17.807     1996 05 29  06 01 19.137
1996 05 29  06 01 19.742     1996 05 29  06 01 22.645
1996 05 29  06 01 23.250     1996 05 29  06 01 25.186
1996 05 29  06 01 25.710     1996 05 29  06 01 28.492
1996 05 29  06 01 29.097     1996 05 29  06 01 31.032
1996 05 29  06 01 31.758     1996 05 29  06 01 34.661
1996 05 29  06 01 35.508     1996 05 29  06 01 37.202
1996 05 29  06 01 37.565     1996 05 29  06 01 54.984
1996 05 29  06 01 55.468     1996 05 29  06 01 58.492
1996 05 29  06 01 59.218     1996 05 29  06 02 00.911
1996 05 29  06 02 01.516     1996 05 29  06 02 04.420
1996 05 29  06 02 05.508     1996 05 29  06 02 06.718
1996 05 29  06 02 07.323     1996 05 29  06 02 10.226
1996 05 29  06 02 11.315     1996 05 29  06 02 12.887
1996 05 29  06 02 13.411     1996 05 29  06 02 14.137
1996 05 29  06 02 15.226     1996 05 29  06 02 16.100
1996 05 29  06 02 16.557     1996 05 29  06 02 20.000
1996 05 29  06 02 19.460     1996 05 29  06 02 22.242
1996 05 29  06 02 23.210     1996 05 29  06 02 24.782
1996 05 29  06 02 25.300     1996 05 29  06 02 30.589
1996 05 29  06 02 31.073     1996 05 29  06 02 40.145
1996 05 29  06 02 41.113     1996 05 29  06 02 42.565
1996 05 29  06 02 43.225     1996 05 29  06 02 45.952
1996 05 29  06 02 47.524     1996 05 29  06 02 48.371
1996 05 29  06 02 49.275     1996 05 29  06 02 52.000
1996 05 29  06 02 53.210     1996 05 29  06 02 54.299
1996 05 29  06 02 55.629     1996 05 29  06 05 28.000
1996 05 29  06 03 02.161     1996 05 29  06 03 03.734
1996 05 29  06 03 20.468     1996 05 29  06 03 21.600
1996 05 29  06 03 23.008     1996 05 29  06 03 23.734
1996 05 29  06 03 26.153     1996 05 29  06 03 27.000
1996 05 29  06 03 28.936     1996 05 29  06 03 29.782
1996 05 29  06 03 38.613     1996 05 29  06 03 39.339
1996 05 29  06 03 40.791     1996 05 29  06 03 41.153
1996 05 29  06 03 43.815     1996 05 29  06 03 45.508
1996 05 29  06 03 46.960     1996 05 29  06 03 47.444
1996 05 29  06 03 50.710     1996 05 29  06 03 51.194
1996 05 29  06 04 01.758     1996 05 29  06 04 02.484
1996 05 29  06 04 05.145     1996 05 29  06 04 05.629
1996 05 29  06 04 13.371     1996 05 29  06 04 15.549
1996 05 29  06 04 19.057     1996 05 29  06 04 20.750
1996 05 29  06 04 25.589     1996 05 29  06 04 26.194
1996 05 29  06 04 28.371     1996 05 29  06 04 30.186
1996 05 29  06 04 30.428     1996 05 29  06 04 30.911
1996 05 29  06 04 32.242     1996 05 29  06 04 32.968
1996 05 29  06 04 34.299     1996 05 29  06 04 38.800
1996 05 29  06 04 43.855     1996 05 29  06 04 45.065
1996 05 29  06 04 46.194     1996 05 29  06 04 47.766
1996 05 29  06 04 48.250     1996 05 29  06 04 50.670
1996 05 29  06 04 53.936     1996 05 29  06 04 57.081
1996 05 29  06 04 57.807     1996 05 29  06 04 59.379
1996 05 29  06 05 03.734     1996 05 29  06 05 05.549
1996 05 29  06 05 07.121     1996 05 29  06 05 08.936
1996 05 29  06 05 10.024     1996 05 29  06 05 11.718
1996 05 29  06 05 12.807     1996 05 29  06 05 14.984
1996 05 29  06 05 15.952     1996 05 29  06 05 17.403
1996 05 29  06 05 18.129     1996 05 29  06 05 20.911
1996 05 29  06 05 24.903     1996 05 29  06 05 26.113
1996 05 29  06 05 27.444     1996 05 29  06 05 29.258
1996 05 29  06 05 29.984     1996 05 29  06 05 32.766
1996 05 29  06 05 33.855     1996 05 29  06 05 35.065
1996 05 29  06 05 35.911     1996 05 29  06 05 38.694
1996 05 29  06 05 40.307     1996 05 29  06 05 41.032
1996 05 29  06 05 41.879     1996 05 29  06 14 26.000
1996 05 29  06 05 48.895     1996 05 29  06 05 50.710
1996 05 29  06 05 55.065     1996 05 29  06 05 56.395
1996 05 29  06 05 57.605     1996 05 29  06 05 59.057
1996 05 29  06 06 00.992     1996 05 29  06 06 02.686
1996 05 29  06 06 06.678     1996 05 29  06 06 08.371
1996 05 29  06 06 12.605     1996 05 29  06 06 14.299
1996 05 29  06 06 16.113     1996 05 29  06 06 16.839
1996 05 29  06 06 18.049     1996 05 29  06 06 20.347
1996 05 29  06 06 20.710     1996 05 29  06 06 23.008
1996 05 29  06 06 23.492     1996 05 29  06 06 26.274
1996 05 29  06 06 27.403     1996 05 29  06 06 29.097
1996 05 29  06 06 30.428     1996 05 29  06 06 32.000
1996 05 29  06 06 37.081     1996 05 29  06 06 38.170
1996 05 29  06 06 43.371     1996 05 29  06 06 44.218
1996 05 29  06 06 45.065     1996 05 29  06 06 47.000
1996 05 29  06 06 49.299     1996 05 29  06 06 49.661
1996 05 29  06 06 51.718     1996 05 29  06 06 52.807
1996 05 29  06 06 56.920     1996 05 29  06 06 58.734
1996 05 29  06 07 00.186     1996 05 29  06 07 02.363
1996 05 29  06 07 05.387     1996 05 29  06 07 08.049
1996 05 29  06 07 08.653     1996 05 29  06 07 10.710
1996 05 29  06 07 11.194     1996 05 29  06 07 11.557
1996 05 29  06 07 12.403     1996 05 29  06 07 14.460
1996 05 29  06 07 15.307     1996 05 29  06 07 16.637
1996 05 29  06 07 19.339     1996 05 29  06 07 19.581
1996 05 29  06 07 31.315     1996 05 29  06 07 31.678
1996 05 29  06 07 33.976     1996 05 29  06 07 34.581
1996 05 29  06 07 45.226     1996 05 29  06 07 46.557
1996 05 29  06 07 46.920     1996 05 29  06 07 47.282
1996 05 29  06 07 54.541     1996 05 29  06 07 55.024
1996 05 29  06 07 56.718     1996 05 29  06 07 58.411
1996 05 29  06 07 59.137     1996 05 29  06 08 01.678
1996 05 29  06 08 02.645     1996 05 29  06 08 04.218
1996 05 29  06 08 04.823     1996 05 29  06 08 07.726
1996 05 29  06 08 12.242     1996 05 29  06 08 12.605
1996 05 29  06 08 15.145     1996 05 29  06 08 15.508
1996 05 29  06 08 18.170     1996 05 29  06 08 19.379
1996 05 29  06 08 20.468     1996 05 29  06 08 22.161
1996 05 29  06 08 30.750     1996 05 29  06 08 31.234
1996 05 29  06 08 32.928     1996 05 29  06 08 34.137
1996 05 29  06 08 35.589     1996 05 29  06 08 37.524
1996 05 29  06 08 38.371     1996 05 29  06 08 43.350
1996 05 29  06 08 46.476     1996 05 29  06 08 46.718
1996 05 29  06 09 00.307     1996 05 29  06 09 01.153
1996 05 29  06 09 04.299     1996 05 29  06 09 04.782
1996 05 29  06 09 05.387     1996 05 29  06 09 06.234
1996 05 29  06 09 08.411     1996 05 29  06 09 10.226
1996 05 29  06 09 17.605     1996 05 29  06 09 19.057
1996 05 29  06 09 20.024     1996 05 29  06 09 21.839
1996 05 29  06 09 22.202     1996 05 29  06 09 22.807
1996 05 29  06 09 47.766     1996 05 29  06 09 48.371
1996 05 29  06 09 53.573     1996 05 29  06 09 54.299
1996 05 29  06 09 59.379     1996 05 29  06 10 00.589
1996 05 29  06 10 05.186     1996 05 29  06 10 06.153
1996 05 29  06 10 15.226     1996 05 29  06 10 16.436
1996 05 29  06 10 46.597     1996 05 29  06 10 47.928
1996 05 29  06 11 10.186     1996 05 29  06 11 11.395
1996 05 29  06 11 13.936     1996 05 29  06 11 15.508
1996 05 29  06 11 16.113     1996 05 29  06 11 16.718
1996 05 29  06 11 21.920     1996 05 29  06 11 23.855
1996 05 29  06 11 27.645     1996 05 29  06 11 29.339
1996 05 29  06 11 32.484     1996 05 29  06 11 32.847
1996 05 29  06 11 33.936     1996 05 29  06 11 35.266
1996 05 29  06 11 36.839     1996 05 29  06 11 38.291
1996 05 29  06 11 39.137     1996 05 29  06 11 41.920
1996 05 29  06 12 03.694     1996 05 29  06 12 04.661
1996 05 29  06 12 07.444     1996 05 29  06 12 07.807
1996 05 29  06 12 10.831     1996 05 29  06 12 11.557
1996 05 29  06 12 13.855     1996 05 29  06 12 14.823
1996 05 29  06 12 19.823     1996 05 29  06 12 21.879
1996 05 29  06 12 43.170     1996 05 29  06 12 47.645
1996 05 29  06 12 48.371     1996 05 29  06 12 50.307
1996 05 29  06 13 01.557     1996 05 29  06 13 02.403
1996 05 29  06 13 04.218     1996 05 29  06 13 05.670
1996 05 29  06 13 06.637     1996 05 29  06 13 08.210
1996 05 29  06 13 25.307     1996 05 29  06 13 25.791
1996 05 29  06 13 30.508     1996 05 29  06 13 31.718
1996 05 29  06 13 33.774     1996 05 29  06 13 34.742
1996 05 29  06 13 45.629     1996 05 29  06 13 47.323
1996 05 29  06 13 48.895     1996 05 29  06 13 50.105
1996 05 29  06 13 51.678     1996 05 29  06 13 52.887
1996 05 29  06 13 57.524     1996 05 29  06 13 59.097
1996 05 29  06 14 09.258     1996 05 29  06 14 10.468
1996 05 29  06 14 12.282     1996 05 29  06 14 13.613
1996 05 29  06 14 15.549     1996 05 29  06 14 17.121
1996 05 29  06 14 18.452     1996 05 29  06 14 19.178
1996 05 29  06 14 20.992     1996 05 29  06 14 22.686
1996 05 29  06 14 23.291     1996 05 29  06 14 24.137
1996 05 29  06 14 26.073     1996 05 29  06 14 28.734
1996 05 29  06 14 29.339     1996 05 29  06 14 31.153
1996 05 29  06 14 31.879     1996 05 29  06 15 03.000
1996 05 29  06 14 38.049     1996 05 29  06 14 38.291
1996 05 29  06 14 39.379     1996 05 29  06 14 40.589
1996 05 29  06 14 40.952     1996 05 29  06 14 43.129
1996 05 29  06 14 44.702     1996 05 29  06 14 46.637
1996 05 29  06 14 46.920     1996 05 29  06 14 49.581
1996 05 29  06 14 50.549     1996 05 29  06 14 52.484
1996 05 29  06 14 57.081     1996 05 29  06 14 58.411
1996 05 29  06 14 59.016     1996 05 29  06 15 01.073
1996 05 29  06 15 01.920     1996 05 29  06 15 04.581
1996 05 29  06 15 05.065     1996 05 29  06 15 06.879
1996 05 29  06 15 07.847     1996 05 29  06 15 10.629
1996 05 29  06 15 13.653     1996 05 29  06 15 20.000
1996 05 29  06 15 20.911     1996 05 29  06 15 22.605
1996 05 29  06 15 26.718     1996 05 29  06 15 28.170
1996 05 29  06 15 28.774     1996 05 29  06 15 29.984
1996 05 29  06 15 31.436     1996 05 29  06 15 33.976
1996 05 29  06 15 34.339     1996 05 29  06 16 31.000
1996 05 29  06 15 37.524     1996 05 29  06 15 40.186
1996 05 29  06 15 41.758     1996 05 29  06 15 42.726
1996 05 29  06 15 43.573     1996 05 29  06 15 46.113
1996 05 29  06 15 47.081     1996 05 29  06 15 47.807
1996 05 29  06 15 49.379     1996 05 29  06 15 52.524
1996 05 29  06 15 53.855     1996 05 29  06 15 55.307
1996 05 29  06 15 56.032     1996 05 29  06 15 58.210
1996 05 29  06 16 02.202     1996 05 29  06 16 03.653
1996 05 29  06 16 08.371     1996 05 29  06 16 09.944
1996 05 29  06 16 10.670     1996 05 29  06 16 12.121
1996 05 29  06 16 16.718     1996 05 29  06 16 18.532
1996 05 29  06 16 19.016     1996 05 29  06 16 25.186
1996 05 29  06 16 26.799     1996 05 29  06 16 27.524
1996 05 29  06 16 30.670     1996 05 29  06 16 35.024
1996 05 29  06 16 36.960     1996 05 29  06 16 38.653
1996 05 29  06 17 30.710     1996 05 29  06 17 33.492
1996 05 29  06 17 37.121     1996 05 29  06 17 38.331
1996 05 29  06 17 48.855     1996 05 29  06 17 51.516
1996 05 29  06 17 52.121     1996 05 29  06 17 57.323
1996 05 29  06 17 57.900     1996 05 29  06 17 59.925
1996 05 29  06 18 00.347     1996 05 29  06 18 03.008
1996 05 29  06 18 06.637     1996 05 29  06 18 09.057
1996 05 29  06 18 12.847     1996 05 29  06 18 14.299
1996 05 29  06 18 18.895     1996 05 29  06 18 20.468
1996 05 29  06 18 24.823     1996 05 29  06 18 25.670
1996 05 29  06 19 06.113     1996 05 29  06 19 08.532
1996 05 29  06 19 10.347     1996 05 29  06 19 11.315
1996 05 29  06 19 11.920     1996 05 29  06 19 14.581
1996 05 29  06 19 16.153     1996 05 29  06 19 17.121
1996 05 29  06 19 17.847     1996 05 29  06 19 20.750
1996 05 29  06 19 21.234     1996 05 29  06 19 23.049
1996 05 29  06 19 23.653     1996 05 29  06 19 26.678
1996 05 29  06 19 27.887     1996 05 29  06 19 29.218
1996 05 29  06 19 29.944     1996 05 29  06 19 44.097
1996 05 29  06 19 48.371     1996 05 29  06 19 50.186
1996 05 29  06 19 53.815     1996 05 29  06 19 56.355
1996 05 29  06 19 57.565     1996 05 29  06 19 59.016
1996 05 29  06 19 59.500     1996 05 29  06 20 02.524
1996 05 29  06 20 03.129     1996 05 29  06 20 23.000
1996 05 29  06 20 05.428     1996 05 29  06 20 05.791
1996 05 29  06 20 07.242     1996 05 29  06 20 07.605
1996 05 29  06 20 10.024     1996 05 29  06 20 10.508
1996 05 29  06 20 12.928     1996 05 29  06 20 13.895
1996 05 29  06 20 15.710     1996 05 29  06 20 16.315
1996 05 29  06 20 17.282     1996 05 29  06 20 18.008
1996 05 29  06 20 19.097     1996 05 29  06 20 20.186
1996 05 29  06 20 21.274     1996 05 29  06 20 22.968
1996 05 29  06 20 23.452     1996 05 29  06 20 26.234
1996 05 29  06 20 27.444     1996 05 29  06 20 28.895
1996 05 29  06 20 29.379     1996 05 29  06 20 32.161
1996 05 29  06 20 32.524     1996 05 29  06 20 34.944
1996 05 29  06 20 35.186     1996 05 29  06 20 38.089
1996 05 29  06 20 38.613     1996 05 29  06 21 17.000
1996 05 29  06 20 42.242     1996 05 29  06 20 44.178
1996 05 29  06 20 45.508     1996 05 29  06 20 46.476
1996 05 29  06 20 51.799     1996 05 29  06 20 52.403
1996 05 29  06 20 57.726     1996 05 29  06 20 58.573
1996 05 29  06 21 05.710     1996 05 29  06 21 08.008
1996 05 29  06 21 09.097     1996 05 29  06 21 10.670
1996 05 29  06 21 11.516     1996 05 29  06 21 13.936
1996 05 29  06 21 15.145     1996 05 29  06 21 16.476
1996 05 29  06 21 16.960     1996 05 29  06 21 19.863
1996 05 29  06 21 23.008     1996 05 29  06 21 25.307
1996 05 29  06 21 29.097     1996 05 29  06 21 31.274
1996 05 29  06 21 59.097     1996 05 29  06 22 00.186
1996 05 29  06 22 05.266     1996 05 29  06 22 06.718
1996 05 29  06 22 52.484     1996 05 29  06 22 54.903
1996 05 29  06 22 56.839     1996 05 29  06 22 57.323
1996 05 29  06 22 58.291     1996 05 29  06 23 00.952
1996 05 29  06 23 04.339     1996 05 29  06 23 06.516
1996 05 29  06 23 10.307     1996 05 29  06 23 12.484
1996 05 29  06 23 16.476     1996 05 29  06 23 18.411
1996 05 29  06 23 22.403     1996 05 29  06 23 24.097
1996 05 29  06 23 28.452     1996 05 29  06 23 30.387
1996 05 29  06 23 40.186     1996 05 29  06 23 42.000
1996 05 29  06 23 46.476     1996 05 29  06 23 48.049
1996 05 29  06 23 52.161     1996 05 29  06 23 54.460
1996 05 29  06 23 57.887     1996 05 29  06 24 00.186
1996 05 29  06 24 03.815     1996 05 29  06 24 06.355
1996 05 29  06 24 09.621     1996 05 29  06 24 12.161
1996 05 29  06 24 15.791     1996 05 29  06 24 18.210
1996 05 29  06 24 21.718     1996 05 29  06 24 24.258
1996 05 29  06 24 27.524     1996 05 29  06 24 30.307
1996 05 29  06 24 33.694     1996 05 29  06 24 36.234
1996 05 29  06 24 39.500     1996 05 29  06 24 43.008
1996 05 29  06 24 45.428     1996 05 29  06 24 48.089
1996 05 29  06 24 51.637     1996 05 29  06 24 53.815
1996 05 29  06 24 54.782     1996 05 29  06 24 55.992
1996 05 29  06 24 57.686     1996 05 29  06 25 00.105
1996 05 29  06 25 03.250     1996 05 29  06 25 06.032
1996 05 29  06 25 07.484     1996 05 29  06 25 08.452
1996 05 29  06 25 09.178     1996 05 29  06 25 11.839
1996 05 29  06 25 12.565     1996 05 29  06 25 38.000
1996 05 29  06 25 15.347     1996 05 29  06 25 17.403
1996 05 29  06 25 21.758     1996 05 29  06 25 23.694
1996 05 29  06 25 25.024     1996 05 29  06 25 26.234
1996 05 29  06 25 31.799     1996 05 29  06 25 33.492
1996 05 29  06 25 34.097     1996 05 29  06 25 35.549
1996 05 29  06 25 37.121     1996 05 29  06 25 38.331
1996 05 29  06 25 39.218     1996 05 29  06 25 41.637
1996 05 29  06 25 45.145     1996 05 29  06 25 49.984
1996 05 29  06 25 51.073     1996 05 29  06 25 53.613
1996 05 29  06 25 54.339     1996 05 29  06 25 54.581
1996 05 29  06 25 57.121     1996 05 29  06 25 59.541
1996 05 29  06 26 00.145     1996 05 29  06 26 00.750
1996 05 29  06 26 01.718     1996 05 29  06 26 02.081
1996 05 29  06 26 02.807     1996 05 29  06 26 07.645
1996 05 29  06 26 08.976     1996 05 29  06 26 11.516
1996 05 29  06 26 13.210     1996 05 29  06 26 14.057
1996 05 29  06 26 15.024     1996 05 29  06 26 17.686
1996 05 29  06 26 19.016     1996 05 29  06 26 20.105
1996 05 29  06 26 20.831     1996 05 29  06 26 23.492
1996 05 29  06 26 26.758     1996 05 29  06 26 29.178
1996 05 29  06 26 32.847     1996 05 29  06 26 35.024
1996 05 29  06 26 38.895     1996 05 29  06 26 40.952
1996 05 29  06 26 44.702     1996 05 29  06 26 47.000
1996 05 29  06 26 50.750     1996 05 29  06 26 53.049
1996 05 29  06 26 56.678     1996 05 29  06 26 59.339
1996 05 29  06 27 02.726     1996 05 29  06 27 04.903
1996 05 29  06 27 08.532     1996 05 29  06 27 10.710
1996 05 29  06 27 14.460     1996 05 29  06 27 16.516
1996 05 29  06 27 20.549     1996 05 29  06 27 22.484
1996 05 29  06 27 26.234     1996 05 29  06 27 28.411
1996 05 29  06 27 32.645     1996 05 29  06 27 34.581
1996 05 29  06 27 38.331     1996 05 29  06 27 40.266
1996 05 29  06 27 44.016     1996 05 29  06 27 46.315
1996 05 29  06 27 47.524     1996 05 29  06 27 48.613
1996 05 29  06 27 51.395     1996 05 29  06 27 52.484
1996 05 29  06 27 53.452     1996 05 29  06 27 54.661
1996 05 29  06 27 55.871     1996 05 29  06 27 58.411
1996 05 29  06 27 58.895     1996 05 29  06 28 00.226
1996 05 29  06 28 02.282     1996 05 29  06 28 04.460
1996 05 29  06 28 05.307     1996 05 29  06 28 06.395
1996 05 29  06 28 08.000     1996 05 29  06 28 15.000
1996 05 29  06 28 14.903     1996 05 29  06 28 16.597
1996 05 29  06 28 17.202     1996 05 29  06 28 17.807
1996 05 29  06 28 19.984     1996 05 29  06 28 22.524
1996 05 29  06 28 23.250     1996 05 29  06 28 28.331
1996 05 29  06 28 28.936     1996 05 29  06 28 30.024
1996 05 29  06 28 31.718     1996 05 29  06 28 34.379
1996 05 29  06 28 34.863     1996 05 29  06 30 36.000
1996 05 29  06 28 36.557     1996 05 29  06 28 37.766
1996 05 29  06 28 41.032     1996 05 29  06 28 43.936
1996 05 29  06 28 51.194     1996 05 29  06 28 52.161
1996 05 29  06 28 53.492     1996 05 29  06 28 54.823
1996 05 29  06 28 55.549     1996 05 29  06 28 58.210
1996 05 29  06 28 58.613     1996 05 29  06 29 00.791
1996 05 29  06 29 01.637     1996 05 29  06 29 04.299
1996 05 29  06 29 04.782     1996 05 29  06 29 06.960
1996 05 29  06 29 07.600     1996 05 29  06 29 10.105
1996 05 29  06 29 13.976     1996 05 29  06 29 16.274
1996 05 29  06 29 21.355     1996 05 29  06 29 21.839
1996 05 29  06 29 23.532     1996 05 29  06 29 24.137
1996 05 29  06 29 26.436     1996 05 29  06 29 28.250
1996 05 29  06 29 28.976     1996 05 29  06 29 30.549
1996 05 29  06 29 31.395     1996 05 29  06 29 34.057
1996 05 29  06 29 34.541     1996 05 29  06 29 36.839
1996 05 29  06 29 37.323     1996 05 29  06 29 42.524
1996 05 29  06 29 47.121     1996 05 29  06 29 49.178
1996 05 29  06 29 50.549     1996 05 29  06 29 50.791
1996 05 29  06 29 56.597     1996 05 29  06 29 57.323
 1996 05 29  06 29 59.984     1996 05 29  06 30 01.194
 1996 05 29  06 30 03.008     1996 05 29  06 30 03.613
 1996 05 29  06 30 04.823     1996 05 29  06 30 05.791
 1996 05 29  06 30 07.484     1996 05 29  06 30 15.468
 1996 05 29  06 30 16.920     1996 05 29  06 30 18.492
 1996 05 29  06 30 19.581     1996 05 29  06 30 20.065
 1996 05 29  06 30 20.791     1996 05 29  06 30 21.637
 1996 05 29  06 30 22.605     1996 05 29  06 30 23.573
 1996 05 29  06 30 24.299     1996 05 29  06 30 25.266
 1996 05 29  06 30 29.258     1996 05 29  06 30 30.468
 1996 05 29  06 30 32.282     1996 05 29  06 30 33.855
 1996 05 29  06 30 36.879     1996 05 29  06 30 39.782
 1996 05 29  06 30 41.000     1996 05 29  06 30 56.000
 1996 05 29  06 30 47.565     1996 05 29  06 30 49.137
 1996 05 29  06 30 50.468     1996 05 29  06 30 51.315
 1996 05 29  06 30 54.702     1996 05 29  06 30 57.605
 1996 05 29  06 31 00.871     1996 05 29  06 31 03.049
 1996 05 29  06 31 06.920     1996 05 29  06 31 09.218
 1996 05 29  06 31 10.186     1996 05 29  06 31 10.549
 1996 05 29  06 31 12.605     1996 05 29  06 31 15.266
 1996 05 29  06 31 18.774     1996 05 29  06 31 21.073
 1996 05 29  06 31 23.008     1996 05 29  06 31 23.613
 1996 05 29  06 31 24.581     1996 05 29  06 31 27.121
 1996 05 29  06 31 29.057     1996 05 29  06 31 29.782
 1996 05 29  06 31 30.670     1996 05 29  06 31 41.000
 1996 05 29  06 31 37.081     1996 05 29  06 31 38.170
 1996 05 29  06 31 39.742     1996 05 29  06 31 40.589
 1996 05 29  06 31 42.282     1996 05 29  06 31 45.065
 1996 05 29  06 31 48.573     1996 05 29  06 31 51.234
 1996 05 29  06 31 54.621     1996 05 29  06 31 57.041
 1996 05 29  06 32 00.307     1996 05 29  06 32 02.605
 1996 05 29  06 32 06.476     1996 05 29  06 32 08.653
 1996 05 29  06 32 12.403     1996 05 29  06 32 14.581
 1996 05 29  06 32 15.307     1996 05 29  06 32 16.274
 1996 05 29  06 32 18.129     1996 05 29  06 33 06.000
 1996 05 29  06 32 22.121     1996 05 29  06 32 23.694
 1996 05 29  06 32 29.379     1996 05 29  06 32 30.105
 1996 05 29  06 32 35.307     1996 05 29  06 32 35.911
 1996 05 29  06 32 40.508     1996 05 29  06 32 41.234
 1996 05 29  06 32 49.460     1996 05 29  06 32 50.065
 1996 05 29  06 32 51.516     1996 05 29  06 32 52.847
 1996 05 29  06 32 55.266     1996 05 29  06 32 56.718
 1996 05 29  06 32 58.049     1996 05 29  06 32 59.016
 1996 05 29  06 33 01.194     1996 05 29  06 33 02.161
 1996 05 29  06 33 03.371     1996 05 29  06 33 05.307
 1996 05 29  06 33 05.549     1996 05 29  06 33 08.452
 1996 05 29  06 33 09.944     1996 05 29  06 33 11.032
 1996 05 29  06 33 11.637     1996 05 29  06 33 14.178
 1996 05 29  06 33 14.782     1996 05 29  06 33 15.629
 1996 05 29  06 33 17.686     1996 05 29  06 33 20.226
 1996 05 29  06 33 21.073     1996 05 29  06 33 21.678
 1996 05 29  06 33 23.734     1996 05 29  06 33 26.153
 1996 05 29  06 33 27.000     1996 05 29  06 33 28.452
 1996 05 29  06 33 29.541     1996 05 29  06 33 32.323
 1996 05 29  06 33 33.895     1996 05 29  06 33 34.863
 1996 05 29  06 33 35.710     1996 05 29  06 33 37.403
 1996 05 29  06 34 47.000     1996 05 29  06 34 50.000
 1996 05 29  06 34 53.210     1996 05 29  06 34 55.750
 1996 05 29  06 34 56.960     1996 05 29  06 34 58.411
 1996 05 29  06 34 59.016     1996 05 29  06 35 01.799
 1996 05 29  06 35 03.371     1996 05 29  06 35 04.097
 1996 05 29  06 35 04.702     1996 05 29  06 35 07.726
 1996 05 29  06 35 09.299     1996 05 29  06 35 10.266
 1996 05 29  06 35 10.871     1996 05 29  06 35 13.653
 1996 05 29  06 35 14.379     1996 05 29  06 35 19.702
 1996 05 29  06 35 20.911     1996 05 29  06 35 22.242
 1996 05 29  06 35 22.605     1996 05 29  06 35 25.508
 1996 05 29  06 35 27.323     1996 05 29  06 35 27.928
 1996 05 29  06 35 28.532     1996 05 29  06 35 31.678
 1996 05 29  06 35 32.403     1996 05 29  06 35 34.097
 1996 05 29  06 35 34.702     1996 05 29  06 35 37.242
 1996 05 29  06 35 40.549     1996 05 29  06 35 43.331
 1996 05 29  06 35 43.694     1996 05 29  06 35 52.000
 1996 05 29  06 35 47.928     1996 05 29  06 35 48.532
 1996 05 29  06 35 49.258     1996 05 29  06 35 51.557
 1996 05 29  06 35 53.008     1996 05 29  06 35 54.823
 1996 05 29  06 35 58.815     1996 05 29  06 35 59.782
 1996 05 29  06 39 33.573     1996 05 29  06 39 36.355
 1996 05 29  06 39 37.686     1996 05 29  06 39 38.411
 1996 05 29  06 39 39.016     1996 05 29  06 39 41.678
 1996 05 29  06 39 42.766     1996 05 29  06 39 44.339
 1996 05 29  06 39 44.823     1996 05 29  06 39 47.605
 1996 05 29  06 39 48.008     1996 05 29  06 39 50.307
 1996 05 29  06 39 50.670     1996 05 29  06 39 53.573
 1996 05 29  06 39 54.541     1996 05 29  06 39 56.113
 1996 05 29  06 39 56.597     1996 05 29  06 39 59.621
 1996 05 29  06 40 00.226     1996 05 29  06 40 02.161
 1996 05 29  06 40 02.766     1996 05 29  06 40 05.428
 1996 05 29  06 40 08.452     1996 05 29  06 40 11.476
 1996 05 29  06 40 12.323     1996 05 29  06 40 13.411
 1996 05 29  06 40 14.742     1996 05 29  06 40 16.678
 1996 05 29  06 40 20.911     1996 05 29  06 40 22.121
 1996 05 29  06 40 26.597     1996 05 29  06 40 28.895
 1996 05 29  06 40 32.887     1996 05 29  06 40 34.339
 1996 05 29  06 40 38.815     1996 05 29  06 40 40.000
 1996 05 29  06 40 44.782     1996 05 29  06 40 46.355
 1996 05 29  06 40 50.831     1996 05 29  06 40 51.678
 1996 05 29  06 43 25.428     1996 05 29  06 43 27.605
 1996 05 29  06 43 31.355     1996 05 29  06 43 33.411
 1996 05 29  06 43 37.282     1996 05 29  06 43 39.460
 1996 05 29  06 43 43.452     1996 05 29  06 43 45.508
 1996 05 29  06 43 49.258     1996 05 29  06 43 50.710
1996 05 29  06 44 24.000     1996 05 29  06 44 50.000
1996 05 29  06 44 50.186     1996 05 29  06 44 51.032
1996 05 29  06 47 35.000     1996 05 29  06 47 47.000
1996 05 29  06 48 04.000     1996 05 29  06 48 12.000
1996 05 29  06 55 44.782     1996 05 29  06 55 45.871
 1996 05 29  06 56 01.960     1996 05 29  06 56 04.016
 1996 05 29  06 56 07.887     1996 05 29  06 56 08.492
 1996 05 29  06 56 25.791     1996 05 29  06 56 27.484
 1996 05 29  06 56 31.637     1996 05 29  06 56 33.331
 1996 05 29  06 57 37.121     1996 05 29  06 57 39.178
 1996 05 29  06 58 07.000     1996 05 29  06 58 09.299
 1996 05 29  06 58 12.847     1996 05 29  06 58 15.024
 1996 05 29  06 58 18.895     1996 05 29  06 58 20.831
 1996 05 29  07 03 34.863     1996 05 29  07 03 35.589
 1996 05 29  07 03 46.355     1996 05 29  07 03 48.774
 1996 05 29  07 03 52.766     1996 05 29  07 03 54.339
