#-----------------------------------------------------------------------
#
#  @(#)POLAR_Plasma_Density_By_S_C_Pot_001	1.1    05/08/02    UCB SSL
#
#-----------------------------------------------------------------------



#  This file contains the POLAR plasma density,
#  as a function of the spacecraft potential.



#  This file is machine-generated.
#  DO NOT EDIT THIS FILE; any changes you make may be lost.



#  The function is a power function,
#  provided by Dr. Jack Scudder (University of Iowa).
#
#  It comes from a fit to the POLAR Hydra particle data.
#
#  The function was determined using data for 2001/04/01.
#
#  The validity of the function for dates far from
#  the date above has not been checked.



# S_C_Pot               n
#  (Volt)           (cm^(-3))



    0.000         9.996000e+02
   -0.200         6.968811e+02
   -0.400         5.001259e+02
   -0.600         3.678873e+02
   -0.800         2.764275e+02
   -1.000         2.115840e+02
   -1.200         1.646049e+02
   -1.400         1.299126e+02
   -1.600         1.038559e+02
   -1.800         8.398643e+01
   -2.000         6.862725e+01
   -2.200         5.660736e+01
   -2.400         4.709488e+01
   -2.600         3.948948e+01
   -2.800         3.335165e+01
   -3.000         2.835539e+01
   -3.200         2.425595e+01
   -3.400         2.086754e+01
   -3.600         1.804765e+01
   -3.800         1.568595e+01
   -4.000         1.369624e+01
   -4.200         1.201059e+01
   -4.400         1.057511e+01
   -4.600         9.346691e+00
   -4.800         8.290625e+00
   -5.000         7.378793e+00
   -5.200         6.588271e+00
   -5.400         5.900265e+00
   -5.600         5.299284e+00
   -5.800         4.772493e+00
   -6.000         4.309208e+00
   -6.200         3.900492e+00
   -6.400         3.538838e+00
   -6.600         3.217913e+00
   -6.800         2.932357e+00
   -7.000         2.677608e+00
   -7.200         2.449779e+00
   -7.400         2.245539e+00
   -7.600         2.062028e+00
   -7.800         1.896781e+00
   -8.000         1.747667e+00
   -8.200         1.612840e+00
   -8.400         1.490694e+00
   -8.600         1.379830e+00
   -8.800         1.279025e+00
   -9.000         1.187208e+00
   -9.200         1.103436e+00
   -9.400         1.026883e+00
   -9.600         9.568170e-01
   -9.800         8.925919e-01
  -10.000         8.336355e-01
  -10.200         7.794393e-01
  -10.400         7.295513e-01
  -10.600         6.835685e-01
  -10.800         6.411312e-01
  -11.000         6.019176e-01
  -11.200         5.656393e-01
  -11.400         5.320376e-01
  -11.600         5.008799e-01
  -11.800         4.719568e-01
  -12.000         4.450794e-01
  -12.200         4.200772e-01
  -12.400         3.967960e-01
  -12.600         3.750961e-01
  -12.800         3.548508e-01
  -13.000         3.359452e-01
  -13.200         3.182746e-01
  -13.400         3.017440e-01
  -13.600         2.862664e-01
  -13.800         2.717628e-01
  -14.000         2.581608e-01
  -14.200         2.453942e-01
  -14.400         2.334024e-01
  -14.600         2.221300e-01
  -14.800         2.115259e-01
  -15.000         2.015434e-01
  -15.200         1.921394e-01
  -15.400         1.832743e-01
  -15.600         1.749116e-01
  -15.800         1.670176e-01
  -16.000         1.595614e-01
  -16.200         1.525141e-01
  -16.400         1.458494e-01
  -16.600         1.395426e-01
  -16.800         1.335710e-01
  -17.000         1.279136e-01
  -17.200         1.225507e-01
  -17.400         1.174643e-01
  -17.600         1.126375e-01
  -17.800         1.080546e-01
  -18.000         1.037011e-01
  -18.200         9.956326e-02
  -18.400         9.562857e-02
  -18.600         9.188517e-02
  -18.800         8.832207e-02
  -19.000         8.492898e-02
  -19.200         8.169630e-02
  -19.400         7.861505e-02
  -19.600         7.567684e-02
  -19.800         7.287379e-02
  -20.000         7.019855e-02
  -20.200         6.764422e-02
  -20.400         6.520432e-02
  -20.600         6.287278e-02
  -20.800         6.064390e-02
  -21.000         5.851232e-02
  -21.200         5.647302e-02
  -21.400         5.452125e-02
  -21.600         5.265257e-02
  -21.800         5.086279e-02
  -22.000         4.914795e-02
  -22.200         4.750434e-02
  -22.400         4.592845e-02
  -22.600         4.441698e-02
  -22.800         4.296679e-02
  -23.000         4.157496e-02
  -23.200         4.023868e-02
  -23.400         3.895534e-02
  -23.600         3.772245e-02
  -23.800         3.653765e-02
  -24.000         3.539872e-02
  -24.200         3.430356e-02
  -24.400         3.325017e-02
  -24.600         3.223665e-02
  -24.800         3.126123e-02
  -25.000         3.032220e-02
  -25.200         2.941795e-02
  -25.400         2.854695e-02
  -25.600         2.770775e-02
  -25.800         2.689898e-02
  -26.000         2.611933e-02
  -26.200         2.536754e-02
  -26.400         2.464245e-02
  -26.600         2.394292e-02
  -26.800         2.326789e-02
  -27.000         2.261633e-02
  -27.200         2.198729e-02
  -27.400         2.137982e-02
  -27.600         2.079307e-02
  -27.800         2.022618e-02
  -28.000         1.967837e-02
  -28.200         1.914886e-02
  -28.400         1.863694e-02
  -28.600         1.814190e-02
  -28.800         1.766309e-02
  -29.000         1.719988e-02
  -29.200         1.675166e-02
  -29.400         1.631785e-02
  -29.600         1.589792e-02
  -29.800         1.549132e-02
  -30.000         1.509756e-02
  -30.200         1.471615e-02
  -30.400         1.434664e-02
  -30.600         1.398858e-02
  -30.800         1.364156e-02
  -31.000         1.330516e-02
  -31.200         1.297901e-02
  -31.400         1.266273e-02
  -31.600         1.235596e-02
  -31.800         1.205837e-02
  -32.000         1.176963e-02
  -32.200         1.148943e-02
  -32.400         1.121747e-02
  -32.600         1.095346e-02
  -32.800         1.069712e-02
  -33.000         1.044819e-02
  -33.200         1.020642e-02
  -33.400         9.971553e-03
  -33.600         9.743364e-03
  -33.800         9.521625e-03
  -34.000         9.306120e-03
  -34.200         9.096640e-03
  -34.400         8.892984e-03
  -34.600         8.694961e-03
  -34.800         8.502386e-03
  -35.000         8.315080e-03
  -35.200         8.132872e-03
  -35.400         7.955596e-03
  -35.600         7.783095e-03
  -35.800         7.615215e-03
  -36.000         7.451810e-03
  -36.200         7.292737e-03
  -36.400         7.137860e-03
  -36.600         6.987048e-03
  -36.800         6.840173e-03
  -37.000         6.697113e-03
  -37.200         6.557751e-03
  -37.400         6.421973e-03
  -37.600         6.289669e-03
  -37.800         6.160733e-03
  -38.000         6.035065e-03
  -38.200         5.912565e-03
  -38.400         5.793137e-03
  -38.600         5.676692e-03
  -38.800         5.563140e-03
  -39.000         5.452395e-03
  -39.200         5.344375e-03
  -39.400         5.239001e-03
  -39.600         5.136195e-03
  -39.800         5.035882e-03
  -40.000         4.937992e-03
  -40.200         4.842454e-03
  -40.400         4.749201e-03
  -40.600         4.658169e-03
  -40.800         4.569293e-03
  -41.000         4.482514e-03
  -41.200         4.397773e-03
  -41.400         4.315012e-03
  -41.600         4.234177e-03
  -41.800         4.155214e-03
  -42.000         4.078073e-03
  -42.200         4.002702e-03
  -42.400         3.929053e-03
  -42.600         3.857080e-03
  -42.800         3.786737e-03
  -43.000         3.717981e-03
  -43.200         3.650769e-03
  -43.400         3.585059e-03
  -43.600         3.520812e-03
  -43.800         3.457988e-03
  -44.000         3.396551e-03
  -44.200         3.336464e-03
  -44.400         3.277692e-03
  -44.600         3.220200e-03
  -44.800         3.163955e-03
  -45.000         3.108925e-03
  -45.200         3.055079e-03
  -45.400         3.002387e-03
  -45.600         2.950818e-03
  -45.800         2.900345e-03
  -46.000         2.850940e-03
  -46.200         2.802576e-03
  -46.400         2.755227e-03
  -46.600         2.708868e-03
  -46.800         2.663473e-03
  -47.000         2.619019e-03
  -47.200         2.575484e-03
  -47.400         2.532843e-03
  -47.600         2.491076e-03
  -47.800         2.450161e-03
  -48.000         2.410077e-03
  -48.200         2.370805e-03
  -48.400         2.332324e-03
  -48.600         2.294616e-03
  -48.800         2.257662e-03
  -49.000         2.221445e-03
  -49.200         2.185946e-03
  -49.400         2.151149e-03
  -49.600         2.117038e-03
  -49.800         2.083596e-03
  -50.000         2.050807e-03
  -50.200         2.018657e-03
  -50.400         1.987131e-03
  -50.600         1.956213e-03
  -50.800         1.925891e-03
  -51.000         1.896151e-03
  -51.200         1.866979e-03
  -51.400         1.838362e-03
  -51.600         1.810288e-03
  -51.800         1.782745e-03
  -52.000         1.755720e-03
  -52.200         1.729202e-03
  -52.400         1.703180e-03
  -52.600         1.677643e-03
  -52.800         1.652579e-03
  -53.000         1.627979e-03
  -53.200         1.603832e-03
  -53.400         1.580128e-03
  -53.600         1.556858e-03
  -53.800         1.534011e-03
  -54.000         1.511580e-03
  -54.200         1.489555e-03
  -54.400         1.467927e-03
  -54.600         1.446688e-03
  -54.800         1.425829e-03
  -55.000         1.405342e-03
  -55.200         1.385220e-03
  -55.400         1.365454e-03
  -55.600         1.346037e-03
  -55.800         1.326962e-03
  -56.000         1.308222e-03
  -56.200         1.289809e-03
  -56.400         1.271718e-03
  -56.600         1.253940e-03
  -56.800         1.236470e-03
  -57.000         1.219301e-03
  -57.200         1.202427e-03
  -57.400         1.185842e-03
  -57.600         1.169541e-03
  -57.800         1.153517e-03
  -58.000         1.137765e-03
  -58.200         1.122279e-03
  -58.400         1.107054e-03
  -58.600         1.092084e-03
  -58.800         1.077365e-03
  -59.000         1.062892e-03
  -59.200         1.048660e-03
  -59.400         1.034663e-03
  -59.600         1.020898e-03
  -59.800         1.007360e-03
  -60.000         9.940433e-04
  -60.200         9.809450e-04
  -60.400         9.680604e-04
  -60.600         9.553853e-04
  -60.800         9.429157e-04
  -61.000         9.306477e-04
  -61.200         9.185772e-04
  -61.400         9.067006e-04
  -61.600         8.950141e-04
  -61.800         8.835141e-04
  -62.000         8.721971e-04
  -62.200         8.610596e-04
  -62.400         8.500982e-04
  -62.600         8.393095e-04
  -62.800         8.286904e-04
  -63.000         8.182377e-04
  -63.200         8.079482e-04
  -63.400         7.978190e-04
  -63.600         7.878470e-04
  -63.800         7.780293e-04
  -64.000         7.683632e-04
  -64.200         7.588457e-04
  -64.400         7.494743e-04
  -64.600         7.402461e-04
  -64.800         7.311587e-04
  -65.000         7.222094e-04
  -65.200         7.133958e-04
  -65.400         7.047154e-04
  -65.600         6.961657e-04
  -65.800         6.877446e-04
  -66.000         6.794496e-04
  -66.200         6.712784e-04
  -66.400         6.632290e-04
  -66.600         6.552991e-04
  -66.800         6.474867e-04
  -67.000         6.397896e-04
  -67.200         6.322058e-04
  -67.400         6.247333e-04
  -67.600         6.173703e-04
  -67.800         6.101147e-04
  -68.000         6.029647e-04
  -68.200         5.959185e-04
  -68.400         5.889743e-04
  -68.600         5.821303e-04
  -68.800         5.753849e-04
  -69.000         5.687362e-04
  -69.200         5.621827e-04
  -69.400         5.557227e-04
  -69.600         5.493546e-04
  -69.800         5.430770e-04
  -70.000         5.368882e-04
  -70.200         5.307867e-04
  -70.400         5.247712e-04
  -70.600         5.188401e-04
  -70.800         5.129920e-04
  -71.000         5.072256e-04
  -71.200         5.015394e-04
  -71.400         4.959323e-04
  -71.600         4.904027e-04
  -71.800         4.849496e-04
  -72.000         4.795715e-04
  -72.200         4.742674e-04
  -72.400         4.690359e-04
  -72.600         4.638759e-04
  -72.800         4.587862e-04
  -73.000         4.537657e-04
  -73.200         4.488132e-04
  -73.400         4.439277e-04
  -73.600         4.391081e-04
  -73.800         4.343533e-04
  -74.000         4.296623e-04
  -74.200         4.250340e-04
  -74.400         4.204675e-04
  -74.600         4.159618e-04
  -74.800         4.115159e-04
  -75.000         4.071289e-04
  -75.200         4.027998e-04
  -75.400         3.985277e-04
  -75.600         3.943118e-04
  -75.800         3.901511e-04
  -76.000         3.860448e-04
  -76.200         3.819921e-04
  -76.400         3.779921e-04
  -76.600         3.740439e-04
  -76.800         3.701469e-04
  -77.000         3.663001e-04
  -77.200         3.625029e-04
  -77.400         3.587545e-04
  -77.600         3.550540e-04
  -77.800         3.514009e-04
  -78.000         3.477943e-04
  -78.200         3.442336e-04
  -78.400         3.407181e-04
  -78.600         3.372470e-04
  -78.800         3.338198e-04
  -79.000         3.304357e-04
  -79.200         3.270941e-04
  -79.400         3.237944e-04
  -79.600         3.205359e-04
  -79.800         3.173181e-04
  -80.000         3.141403e-04
