1414 0 0 0 01982.06371.2 0                                                      
 GSFC 11/87 MODEL AT EPOCH 1982.  DEGREE (13,13).                               
  2  1-29938.8008     0.0000    26.0618     0.0000     0.0000     0.0000        
  2  2 -1931.2000  5569.2695    12.4594   -17.3891     0.0000     0.0000        
  3  1 -2030.3999     0.0000   -16.8407     0.0000     0.0000     0.0000        
  3  2  3034.2200 -2157.9700     3.4514   -14.3400     0.0000     0.0000        
  3  3  1669.8401  -244.1180     3.5878   -22.1169     0.0000     0.0000        
  4  1  1283.8201     0.0000     1.1878     0.0000     0.0000     0.0000        
  4  2 -2189.2400  -328.8811    -4.3890     3.3483     0.0000     0.0000        
  4  3  1248.1899   275.4551    -1.3485     2.2821     0.0000     0.0000        
  4  4   836.5791  -265.9060     1.8557    -6.9479     0.0000     0.0000        
  5  1   936.3479     0.0000    -0.6632     0.0000     0.0000     0.0000        
  5  2   779.7771   218.9250    -1.2115     3.3788     0.0000     0.0000        
  5  3   385.8911  -254.6100    -6.0012     1.0078     0.0000     0.0000        
  5  4  -422.5559    58.6930    -1.7934     2.9690     0.0000     0.0000        
  5  5   190.7110  -300.1670    -4.1452    -1.4536     0.0000     0.0000        
  6  1  -216.3240     0.0000     0.7866     0.0000     0.0000     0.0000        
  6  2   356.0979    48.4287    -0.5838     1.2315     0.0000     0.0000        
  6  3   256.8669   150.3540    -2.1036     0.2607     0.0000     0.0000        
  6  4   -82.6612  -152.2930    -4.2006    -0.8095     0.0000     0.0000        
  6  5  -162.6860   -77.5497    -0.3447     0.0608     0.0000     0.0000        
  6  6   -45.9066    93.0243     1.0959     0.4867     0.0000     0.0000        
  7  1    50.9545     0.0000     1.4983     0.0000     0.0000     0.0000        
  7  2    65.2055   -14.7214    -0.1802     0.0138     0.0000     0.0000        
  7  3    44.5411    92.0152     1.3231    -0.5141     0.0000     0.0000        
  7  4  -188.8790    69.9540     1.6226    -0.3295     0.0000     0.0000        
  7  5     3.0604   -43.4845    -0.3109    -0.1945     0.0000     0.0000        
  7  6    13.8073    -1.0286    -0.0447     0.5960     0.0000     0.0000        
  7  7  -104.5030    19.7967     1.6177     1.2898     0.0000     0.0000        
  8  1    73.2921     0.0000     0.6433     0.0000     0.0000     0.0000        
  8  2   -60.1033   -83.5040    -0.4231    -0.4878     0.0000     0.0000        
  8  3     2.8255   -26.7210     0.5873     0.3162     0.0000     0.0000        
  8  4    21.3255    -3.8684     0.2944     0.5314     0.0000     0.0000        
  8  5   -10.9037    17.2169     0.7577     0.4784     0.0000     0.0000        
  8  6     2.0815    17.6011     0.7538    -0.1134     0.0000     0.0000        
  8  7    10.2337   -23.0981    -0.1937    -0.0657     0.0000     0.0000        
  8  8    -0.2401    -9.5306     0.6816     0.0940     0.0000     0.0000        
  9  1    19.8952     0.0000     0.7290     0.0000     0.0000     0.0000        
  9  2     6.3502     6.4377    -0.1009    -0.1780     0.0000     0.0000        
  9  3    -0.2045   -17.8874     0.1181    -0.0805     0.0000     0.0000        
  9  4   -11.4305     4.8948    -0.2413     0.3495     0.0000     0.0000        
  9  5    -7.6073   -22.1494    -0.3169     0.0251     0.0000     0.0000        
  9  6     4.4514    10.3346     0.1040     0.6051     0.0000     0.0000        
  9  7     2.5428    15.3025    -0.0900    -0.3643     0.0000     0.0000        
  9  8     5.6147   -12.9577    -0.2245     0.1276     0.0000     0.0000        
  9  9    -4.4942   -15.2574    -1.5360    -0.2912     0.0000     0.0000        
 10  1     5.3580     0.0000     0.0365     0.0000     0.0000     0.0000        
 10  2    10.0417   -20.7376    -0.1612     0.0550     0.0000     0.0000        
 10  3     1.8053    15.2787     0.2146    -0.1245     0.0000     0.0000        
 10  4   -12.3951     9.5665    -0.0159     0.3859     0.0000     0.0000        
 10  5     9.1112    -5.1727    -0.1775     0.0390     0.0000     0.0000        
 10  6    -3.2251    -6.1766     0.1145     0.0782     0.0000     0.0000        
 10  7    -1.8793     9.3359    -0.3613     0.1737     0.0000     0.0000        
 10  8     7.9311     8.9910     0.6193    -0.3335     0.0000     0.0000        
 10  9     2.5107    -5.9346     0.5498    -0.0089     0.0000     0.0000        
 10 10    -6.0384     3.8058    -0.5084     0.8752     0.0000     0.0000        
 11  1    -2.4714     0.0000     0.4921     0.0000     0.0000     0.0000        
 11  2    -3.8467     0.3216     0.0996    -0.4558     0.0000     0.0000        
 11  3     1.6607     0.1661    -0.2608    -0.1629     0.0000     0.0000        
 11  4    -5.4950     2.1082    -0.0419    -0.2699     0.0000     0.0000        
 11  5    -0.9858     4.5694     0.5056    -0.5897     0.0000     0.0000        
 11  6     4.3603    -5.0654    -0.1147    -0.4080     0.0000     0.0000        
 11  7     3.0937    -1.1651    -0.0384    -0.4008     0.0000     0.0000        
 11  8     0.2456    -1.0848    -0.3300     0.1400     0.0000     0.0000        
 11  9     2.4264     3.4841     0.1954    -0.0172     0.0000     0.0000        
 11 10     2.1234    -0.2309    -0.3530     0.1447     0.0000     0.0000        
 11 11    -1.0294    -5.1234    -0.3607     0.5262     0.0000     0.0000        
 12  1     1.5736     0.0000    -0.4497     0.0000     0.0000     0.0000        
 12  2    -1.0922     1.1155     0.0027     0.2673     0.0000     0.0000        
 12  3    -1.9065     1.9719    -0.1228     0.1254     0.0000     0.0000        
 12  4     1.7900    -0.8526    -0.1844     0.2352     0.0000     0.0000        
 12  5     0.6953    -2.4131     0.3237     0.3579     0.0000     0.0000        
 12  6    -0.3927     0.3822     0.0961    -0.2083     0.0000     0.0000        
 12  7    -0.0490    -0.1752     0.1325    -0.0555     0.0000     0.0000        
 12  8     1.3558    -2.1235    -0.1261     0.1784     0.0000     0.0000        
 12  9     2.1137    -0.5090     0.1957    -0.0630     0.0000     0.0000        
 12 10    -0.4354    -1.5120     0.1661     0.0671     0.0000     0.0000        
 12 11     1.2192    -1.0302    -0.4062     0.2387     0.0000     0.0000        
 12 12     4.3968     0.7198     0.4498    -0.0250     0.0000     0.0000        
 13  1    -2.1501     0.0000    -0.2029     0.0000     0.0000     0.0000        
 13  2    -1.0464     0.1881    -0.4531    -0.0141     0.0000     0.0000        
 13  3     0.0703     0.5672     0.1849    -0.0936     0.0000     0.0000        
 13  4    -0.5252     2.3951    -0.1601    -0.0901     0.0000     0.0000        
 13  5    -0.0618    -1.8587    -0.3828    -0.1855     0.0000     0.0000        
 13  6     0.6744     1.0288     0.0193     0.3229     0.0000     0.0000        
 13  7    -0.6809     0.1945    -0.1173    -0.0212     0.0000     0.0000        
 13  8     0.1105    -0.1282     0.1467     0.0574     0.0000     0.0000        
 13  9    -0.4711     0.3316    -0.3719     0.1488     0.0000     0.0000        
 13 10    -0.1911    -0.5021     0.1375    -0.2455     0.0000     0.0000        
 13 11     0.2191    -1.4556     0.0463    -0.1220     0.0000     0.0000        
 13 12     1.9472     0.6833     0.6942     0.1590     0.0000     0.0000        
 13 13     0.0523     2.0151     0.0965     0.7863     0.0000     0.0000        
 14  1     0.4143     0.0000     0.3175     0.0000     0.0000     0.0000        
 14  2    -0.3699     0.0280     0.1178     0.2602     0.0000     0.0000        
 14  3    -0.0274    -0.0088    -0.1949    -0.1515     0.0000     0.0000        
 14  4    -0.8733     1.3198    -0.0001    -0.0803     0.0000     0.0000        
 14  5    -0.2504    -0.3198    -0.0304    -0.0471     0.0000     0.0000        
 14  6     1.5458     0.2393     0.2235     0.3691     0.0000     0.0000        
 14  7    -0.6274     0.1052    -0.0896     0.1612     0.0000     0.0000        
 14  8     0.7555     0.1729     0.1855    -0.3126     0.0000     0.0000        
 14  9    -0.0856    -0.5902     0.2039    -0.3145     0.0000     0.0000        
 14 10    -0.2904     0.9064    -0.2319     0.0196     0.0000     0.0000        
 14 11    -0.1085     0.8940    -0.0056     0.4201     0.0000     0.0000        
 14 12     0.6422    -0.0179     0.1364     0.0543     0.0000     0.0000        
 14 13     1.1159    -0.4104     0.5920    -0.3297     0.0000     0.0000        
 14 14     0.0681    -0.2388    -0.1386     0.0524     0.0000     0.0000        
  0  0                                                                          
  0  0                                                                          
