                                                                                
                                                                                
00 1960.0      GSFC(12/66) SET 1 ROUNDED                                12660010
GSFC1266               10                                               12660020
  2  1   -30401.2       -0.       14.03      -0.       -0.062     -0.   12660030
  2  2    -2163.8     5778.2       8.76      -3.71      0.114     -0.04312660040
  3  1    -1540.1       -0.      -23.29      -0.       -0.154     -0.   12660050
  3  2     2997.9    -1932.0      -0.09     -14.31     -0.018      0.05412660060
  3  3     1590.3      202.9      -4.56     -16.62     -0.253     -0.01612660070
  4  1     1307.1       -0.       -0.93      -0.       -0.123     -0.   12660080
  4  2    -1988.9     -425.4     -10.62       5.20     -0.027      0.09512660090
  4  3     1276.8      227.8       2.31       2.53      0.028     -0.00712660100
  4  4      881.2     -133.8      -5.89      -6.98     -0.183      0.07912660110
  5  1      949.3       -0.        1.45      -0.        0.001     -0.   12660120
  5  2      803.5      160.3       0.90      -2.19     -0.044      0.00412660130
  5  3      502.9     -274.3      -1.75      -0.14      0.017      0.05612660140
  5  4     -397.7        2.3       0.66       1.88      0.007     -0.03512660150
  5  5      266.5     -246.6      -3.01      -6.52     -0.097     -0.04712660160
  6  1     -233.5       -0.        1.61      -0.        0.045     -0.   12660170
  6  2      355.7        5.1       0.60       2.24      0.001     -0.04612660180
  6  3      228.4      117.8       3.34       1.59      0.075      0.00712660190
  6  4      -28.8     -114.8      -0.04      -2.61      0.008     -0.00712660200
  6  5     -157.9     -108.9      -0.60       0.50      0.015      0.00112660210
  6  6      -62.2       82.4       1.76      -0.12      0.056     -0.02412660220
  7  1       49.2       -0.       -0.42      -0.       -0.006     -0.   12660230
  7  2       57.5      -12.1       0.82       0.05      0.015      0.02012660240
  7  3       -0.8      104.4       0.82       0.09      0.010     -0.01112660250
  7  4     -238.3       56.6       2.35       2.55      0.050      0.01512660260
  7  5       -1.5      -23.4       0.83      -1.19     -0.011     -0.02912660270
  7  6       -2.0      -14.8       0.01       0.33      0.026      0.02912660280
  7  7     -108.9      -13.3       0.23       0.84      0.023     -0.01012660290
  8  1       72.2       -0.       -0.57      -0.       -0.014     -0.   12660300
  8  2      -53.7      -53.7      -0.34      -0.96     -0.006     -0.01412660310
  8  3        7.9      -27.4      -1.44       0.01     -0.034      0.01612660320
  8  4       15.6       -8.1      -0.90       0.43     -0.004      0.01412660330
  8  5      -24.3        7.0       0.03       0.75     -0.006      0.00512660340
  8  6       -3.6       24.3      -0.60      -0.33     -0.027     -0.00812660350
  8  7       15.5      -22.5      -0.17       0.49     -0.001      0.01612660360
  8  8        3.6      -21.4      -0.64       0.90     -0.004      0.01112660370
  9  1        8.5        0.        0.35       0.        0.006      0.   12660380
  9  2        6.5        5.4       0.50      -0.50      0.008     -0.01512660390
  9  3       -9.3      -11.7       1.70      -0.21      0.039     -0.01212660400
  9  4       -9.6        4.2      -0.11       0.03     -0.008      0.00512660410
  9  5       -6.1      -15.3       0.34      -0.79      0.015     -0.01112660420
  9  6        5.5        4.6      -0.07       0.05     -0.002     -0.00012660430
  9  7       -8.1       21.9       0.43       0.10      0.005     -0.00312660440
  9  8       13.0       -0.7      -0.15      -0.36     -0.008     -0.00912660450
  9  9        7.4      -17.1      -0.42      -0.43     -0.007     -0.00312660460
 10  1       10.4        0.       -0.10       0.       -0.005      0.   12660470
 10  2        5.8      -22.4      -0.13       0.66     -0.001      0.02212660480
 10  3        7.5       13.8      -1.20       0.54     -0.027      0.00712660490
 10  4      -15.1        6.3       0.08       0.03      0.005     -0.00212660500
 10  5       12.1       -3.0      -0.08       0.35     -0.007      0.00912660510
 10  6        4.7       -1.9      -0.39      -0.03     -0.006      0.00612660520
 10  7        0.2        9.0      -0.36      -0.01     -0.009     -0.00112660530
 10  8        1.6       11.5       0.47       0.45      0.006      0.00912660540
 10  9        0.9        0.1       0.37      -0.05      0.005     -0.00412660550
 10 10        0.2       -1.5      -0.46       0.75     -0.009      0.01912660560
 11  1       -2.9        0.       -0.01       0.       -0.003      0.   12660570
 11  2       -0.9       -0.1      -0.13      -0.61     -0.003     -0.01212660580
 11  3       -2.2        4.5       0.88      -0.64      0.020     -0.01412660590
 11  4        0.8       -1.0      -0.18       0.02     -0.008      0.00112660600
 11  5       -2.8        2.6       0.17       0.05      0.007      0.00112660610
 11  6        6.4       -4.4      -0.02      -0.63      0.001     -0.01112660620
 11  7        4.7       -1.3       0.05      -0.07      0.001     -0.00112660630
 11  8       -0.2       -3.6       0.17       0.07      0.001      0.00112660640
 11  9        1.8        4.0       0.16      -0.03      0.005     -0.00112660650
 11 10        2.0        1.0       0.31      -0.02      0.004      0.00112660660
 11 11        1.1       -2.0      -0.23      -0.45     -0.002     -0.00612660670
      BLOCK DATA                                                        12660680
      COMMON/LTABLE/NAME,TIME,PX(4),PY(4)                               12660690
      DOUBLE PRECISION NAME                                             12660700
      DATA NAME/8HGSFC1266/                                             12660710
      DATA TIME/ 1965.0/                                                12660720
      DATA PX/ -0.000944, -0.053380,  0.015793,  0.004421/              12660730
      DATA PY/ -0.001444, -0.038237,  0.019934, -0.012438/              12660740
      COMMON/LTABLE/T0(70)                                              12660750
      DATA T0/                                                          12660760
     X  -0.04222,-0.16679, 0.12489,-0.26313,-0.47536,-0.12694,-0.02739, 12660770
     X  -0.03464,-0.02091, 0.00145, 0.00776,-0.00025, 0.00259, 0.00050, 12660780
     X   0.00032, 0.13233,-0.09446, 0.10618,-0.43559,-0.21214,-0.08693, 12660790
     X  -0.03652,-0.00639,-0.00772, 0.00283, 0.00370, 0.00023, 0.00092, 12660800
     X   0.00001, 0.00002, 0.16756,-0.01392, 0.11778,-0.43913,-0.04445, 12660810
     X  -0.05361,-0.03298, 0.00343,-0.00581, 0.00210, 0.00168, 0.00002, 12660820
     X   0.00038,-0.00005,-0.00001, 0.11812, 0.03908, 0.10992,-0.32979, 12660830
     X   0.03669,-0.02800,-0.02062, 0.00326,-0.00418, 0.00096, 0.00056, 12660840
     X  -0.00000, 0.00014,-0.00003,-0.00000, 0.04653, 0.05979, 0.07632, 12660850
     X  -0.13907, 0.03670,-0.00838,-0.00641, 0.00080,-0.00138, 0.00019/ 12660860
      COMMON/LTABLE/T1(70)                                              12660870
      DATA T1/                                                          12660880
     X   0.00006, 0.00002, 0.00001,-0.00002,-0.00003,-0.01413, 0.02345, 12660890
     X  -0.01234, 0.14322,-0.04392, 0.00698, 0.00493, 0.00188,-0.00037, 12660900
     X   0.00016, 0.00003, 0.00002, 0.00001,-0.00000,-0.00002,-0.02971, 12660910
     X  -0.04394,-0.07195, 0.42345,-0.17408, 0.01753, 0.01559, 0.01057, 12660920
     X  -0.00574, 0.00101, 0.00033, 0.00026,-0.00017, 0.00004, 0.00001, 12660930
     X   0.04725,-0.12112,-0.07313, 0.75383,-0.37101, 0.01903, 0.02851, 12660940
     X   0.02985,-0.02425, 0.00237, 0.00118, 0.00104,-0.00134, 0.00017, 12660950
     X   0.00001, 0.24865,-0.21878,-0.01369, 1.18347,-0.65308,-0.00005, 12660960
     X   0.04513, 0.06766,-0.06997, 0.00242, 0.00416, 0.00308,-0.00636, 12660970
     X   0.00037, 0.00029, 0.63541,-0.36049, 0.08914, 1.78590,-1.05300/ 12660980
      COMMON/LTABLE/T2(70)                                              12660990
      DATA T2/                                                          12661000
     X  -0.06625, 0.06674, 0.14329,-0.17073,-0.00636, 0.01413, 0.00827, 12661010
     X  -0.02327,-0.00013, 0.00233, 0.09300,-0.00355, 0.75654,-0.61841, 12661020
     X  -0.35504,-0.25013,-0.12111,-0.09031,-0.10842, 0.01165, 0.01206, 12661030
     X  -0.00257, 0.01206, 0.00039, 0.00310, 0.22275, 0.11229, 0.60698, 12661040
     X  -0.67069,-0.12621,-0.18787,-0.12157,-0.03098,-0.06395, 0.01107, 12661050
     X   0.00934,-0.00026, 0.00509,-0.00040, 0.00094, 0.21539, 0.18518, 12661060
     X   0.44760,-0.58552, 0.02144,-0.12887,-0.09468,-0.00748,-0.03851, 12661070
     X   0.00800, 0.00525, 0.00022, 0.00207,-0.00036, 0.00033, 0.13762, 12661080
     X   0.20829, 0.29647,-0.41188, 0.08575,-0.07407,-0.05619,-0.00198, 12661090
     X  -0.02120, 0.00428, 0.00196, 0.00035, 0.00077,-0.00015, 0.00014/ 12661100
      COMMON/LTABLE/T3(70)                                              12661110
      DATA T3/                                                          12661120
     X   0.05179, 0.19595, 0.17551,-0.16638, 0.06568,-0.02403,-0.01826, 12661130
     X   0.00008,-0.00753, 0.00163, 0.00041, 0.00027, 0.00025,-0.00001, 12661140
     X   0.00007,-0.02008, 0.12807, 0.05606, 0.13627,-0.02134, 0.02225, 12661150
     X   0.01552, 0.00741, 0.00240, 0.00142, 0.00056, 0.00042, 0.00043, 12661160
     X   0.00005, 0.00010,-0.05661, 0.00652,-0.04799, 0.44097,-0.15361, 12661170
     X   0.05883, 0.04686, 0.02604, 0.00425, 0.00390, 0.00152, 0.00154, 12661180
     X   0.00095, 0.00017, 0.00019,-0.00938,-0.13848,-0.06880, 0.76715, 12661190
     X  -0.34660, 0.07652, 0.07835, 0.06136,-0.00804, 0.00786, 0.00344, 12661200
     X   0.00468, 0.00034, 0.00064, 0.00034, 0.14553,-0.31970, 0.02378, 12661210
     X   1.16093,-0.61777, 0.06109, 0.11350, 0.12470,-0.04834, 0.01042/ 12661220
      COMMON/LTABLE/T4(70)                                              12661230
      DATA T4/                                                          12661240
     X   0.00850, 0.01244,-0.00551, 0.00153, 0.00098, 0.42636,-0.57027, 12661250
     X   0.24237, 1.68519,-0.99726,-0.00537, 0.16506, 0.23705,-0.13765, 12661260
     X   0.00191, 0.02303, 0.03117,-0.02722, 0.00190, 0.00463, 0.35524, 12661270
     X   0.31378, 1.03932,-0.92463,-0.02576,-0.28515,-0.22779,-0.05611, 12661280
     X  -0.14743, 0.02776, 0.01645,-0.00418, 0.00975,-0.00266, 0.00312, 12661290
     X  -0.00133, 0.00047, 0.00057,-0.00018, 0.00017, 0.28657, 0.39051, 12661300
     X   0.74270,-0.72581, 0.10234,-0.20304,-0.16795,-0.02268,-0.09173, 12661310
     X   0.01939, 0.01110,-0.00003, 0.00389,-0.00145, 0.00148,-0.00046, 12661320
     X   0.00040, 0.00015,-0.00006, 0.00001, 0.16460, 0.39167, 0.47687, 12661330
     X  -0.47882, 0.14825,-0.12208,-0.09734,-0.01231,-0.05122, 0.01171/ 12661340
      COMMON/LTABLE/T5(70)                                              12661350
      DATA T5/                                                          12661360
     X   0.00440, 0.00167, 0.00163,-0.00053, 0.00103,-0.00018, 0.00032, 12661370
     X   0.00002,-0.00004,-0.00001, 0.04931, 0.34062, 0.27026,-0.19463, 12661380
     X   0.11409,-0.04027,-0.03134,-0.00255,-0.01857, 0.00613, 0.00126, 12661390
     X   0.00182, 0.00123,-0.00005, 0.00068,-0.00008, 0.00026,-0.00001, 12661400
     X   0.00004,-0.00002,-0.04454, 0.23385, 0.09201, 0.11331, 0.02438, 12661410
     X   0.03972, 0.02680, 0.01628, 0.00833, 0.00535, 0.00187, 0.00251, 12661420
     X   0.00310, 0.00008, 0.00092, 0.00003, 0.00031,-0.00000, 0.00007, 12661430
     X  -0.00002,-0.10436, 0.07007,-0.06063, 0.42251,-0.10790, 0.11062, 12661440
     X   0.08250, 0.04942, 0.02671, 0.00957, 0.00458, 0.00559, 0.00701, 12661450
     X   0.00014, 0.00176, 0.00020, 0.00045,-0.00004, 0.00015,-0.00003/ 12661460
      COMMON/LTABLE/T6(70)                                              12661470
      DATA T6/                                                          12661480
     X  -0.08774,-0.12954,-0.11276, 0.73500,-0.29841, 0.15959, 0.13850, 12661490
     X   0.10275, 0.03194, 0.01451, 0.00855, 0.01247, 0.00942, 0.00111, 12661500
     X   0.00281, 0.00065, 0.00073,-0.00004, 0.00006, 0.00020, 0.01469, 12661510
     X  -0.37634,-0.02851, 1.08972,-0.57318, 0.17554, 0.19910, 0.18894, 12661520
     X   0.00982, 0.01880, 0.01526, 0.02881, 0.00565, 0.00352, 0.00511, 12661530
     X   0.00252, 0.00047, 0.00004,-0.00023, 0.00087, 0.38349, 0.62118, 12661540
     X   1.03879,-0.86235, 0.19342,-0.27462,-0.25775,-0.03389,-0.15948, 12661550
     X   0.03869, 0.02186,-0.00167, 0.00291,-0.00435, 0.00406,-0.00153, 12661560
     X   0.00321, 0.00063, 0.00009,-0.00026, 0.19778, 0.59179, 0.64616, 12661570
     X  -0.53501, 0.22562,-0.17192,-0.14520,-0.02565,-0.09061, 0.02539/ 12661580
      COMMON/LTABLE/T7(70)                                              12661590
      DATA T7/                                                          12661600
     X   0.00869, 0.00544, 0.00158,-0.00116, 0.00414,-0.00062, 0.00263, 12661610
     X  -0.00007, 0.00009,-0.00018, 0.03902, 0.49596, 0.34226,-0.21921, 12661620
     X   0.18311,-0.05853,-0.04622,-0.00831,-0.03327, 0.01608, 0.00247, 12661630
     X   0.00730, 0.00395, 0.00023, 0.00371,-0.00011, 0.00198,-0.00023, 12661640
     X   0.00027,-0.00022,-0.08664, 0.34455, 0.09122, 0.09014, 0.09157, 12661650
     X   0.05800, 0.03872, 0.02601, 0.01575, 0.01545, 0.00398, 0.00969, 12661660
     X   0.01187, 0.00042, 0.00459, 0.00042, 0.00192,-0.00031, 0.00098, 12661670
     X  -0.00036,-0.17570, 0.13703,-0.12109, 0.39429,-0.04290, 0.17119, 12661680
     X   0.12183, 0.07920, 0.05661, 0.02394, 0.01017, 0.01685, 0.02652, 12661690
     X  -0.00057, 0.00835, 0.00051, 0.00265,-0.00052, 0.00191,-0.00070/ 12661700
      COMMON/LTABLE/T8(70)                                              12661710
      DATA T8/                                                          12661720
     X  -0.19889,-0.11930,-0.23138, 0.68896,-0.24229, 0.26552, 0.20705, 12661730
     X   0.15447, 0.08266, 0.03721, 0.01558, 0.03328, 0.04303,-0.00037, 12661740
     X   0.01437, 0.00147, 0.00387,-0.00013, 0.00355,-0.00137, 0.22964, 12661750
     X   0.81423, 0.80055,-0.56763, 0.31727,-0.22931,-0.20355,-0.04114, 12661760
     X  -0.13240, 0.05008, 0.01618, 0.01516,-0.00098,-0.00211, 0.01377, 12661770
     X  -0.00086, 0.01153,-0.00008, 0.00059,-0.00151,-0.00039, 0.00027, 12661780
     X  -0.00002, 0.00021,-0.00008,-0.00003, 0.00011, 0.00006, 0.00015, 12661790
     X  -0.00006, 0.01526, 0.66454, 0.38106,-0.22522, 0.27241,-0.08411, 12661800
     X  -0.06476,-0.02069,-0.05013, 0.03501, 0.00393, 0.02229, 0.00942, 12661810
     X   0.00245, 0.01340, 0.00071, 0.00935,-0.00104, 0.00202,-0.00119/ 12661820
      COMMON/LTABLE/T9(70)                                              12661830
      DATA T9/                                                          12661840
     X   0.00043, 0.00009, 0.00011, 0.00002, 0.00029,-0.00011, 0.00019, 12661850
     X  -0.00001, 0.00019,-0.00005,-0.14933, 0.46263, 0.04538, 0.08029, 12661860
     X   0.18095, 0.07333, 0.04997, 0.03248, 0.02263, 0.03646, 0.00643, 12661870
     X   0.02814, 0.03115, 0.00363, 0.01560, 0.00338, 0.00921,-0.00118, 12661880
     X   0.00542,-0.00134, 0.00262,-0.00021, 0.00106,-0.00035, 0.00116, 12661890
     X  -0.00060, 0.00063,-0.00039, 0.00034,-0.00033,-0.27448, 0.19755, 12661900
     X  -0.23533, 0.35523, 0.04241, 0.22458, 0.15123, 0.11072, 0.07475, 12661910
     X   0.05562, 0.01203, 0.04234, 0.06233, 0.00486, 0.01915, 0.00952, 12661920
     X  -0.00040, 0.00283,-0.00104, 0.00140,-0.00048, 0.00099,-0.00068/ 12661940
      END                                                               12661950
      BLOCK DATA                                                        12661960
      COMMON/LTABLE/NAME,TIME,PX(4),PY(4)                               12661970
      DOUBLE PRECISION NAME                                             12661980
      DATA NAME/8HGSFC1266/                                             12661990
      DATA TIME/ 1970.0/                                                12662000
      DATA PX/ -0.001656, -0.055615,  0.016509,  0.004376/              12662010
      DATA PY/ -0.002666, -0.037891,  0.020552, -0.012479/              12662020
      COMMON/LTABLE/T0(70)                                              12662030
      DATA T0/                                                          12662040
     X  -0.03027,-0.17084, 0.14600,-0.23612,-0.48721,-0.11712,-0.01316, 12662050
     X  -0.03998,-0.01891, 0.00035, 0.00648,-0.00017, 0.00263, 0.00056, 12662060
     X   0.00033, 0.15071,-0.08941, 0.11940,-0.41254,-0.20982,-0.08167, 12662070
     X  -0.03050,-0.00894,-0.00706, 0.00228, 0.00308, 0.00030, 0.00086, 12662080
     X   0.00005, 0.00004, 0.18647,-0.00544, 0.12951,-0.42131,-0.03664, 12662090
     X  -0.05141,-0.03003, 0.00195,-0.00575, 0.00192, 0.00140, 0.00007, 12662100
     X   0.00035,-0.00004,-0.00001, 0.13322, 0.04813, 0.12087,-0.31789, 12662110
     X   0.04419,-0.02734,-0.01916, 0.00254,-0.00423, 0.00092, 0.00046, 12662120
     X   0.00002, 0.00012,-0.00003,-0.00000, 0.05602, 0.06725, 0.08448, 12662130
     X  -0.13428, 0.04018,-0.00833,-0.00604, 0.00060,-0.00137, 0.00018/ 12662140
      COMMON/LTABLE/T1(70)                                              12662150
      DATA T1/                                                          12662160
     X   0.00007, 0.00000, 0.00002, 0.00000,-0.00002,-0.01469, 0.01979, 12662170
     X  -0.02026, 0.13806,-0.04721, 0.00652, 0.00425, 0.00181,-0.00045, 12662180
     X   0.00015, 0.00003, 0.00003,-0.00001, 0.00001,-0.00001,-0.04382, 12662190
     X  -0.05108,-0.08188, 0.40890,-0.18349, 0.01623, 0.01361, 0.01004, 12662200
     X  -0.00604, 0.00088, 0.00022, 0.00023,-0.00019, 0.00004, 0.00000, 12662210
     X   0.02013,-0.13028,-0.08314, 0.72967,-0.38637, 0.01676, 0.02501, 12662220
     X   0.02812,-0.02491, 0.00207, 0.00090, 0.00094,-0.00137, 0.00014, 12662230
     X   0.00001, 0.20762,-0.22958,-0.02266, 1.14985,-0.67416,-0.00315, 12662240
     X   0.04057, 0.06389,-0.07118, 0.00186, 0.00372, 0.00269,-0.00640, 12662250
     X   0.00030, 0.00027, 0.57929,-0.37223, 0.08327, 1.74416,-1.07893/ 12662260
      COMMON/LTABLE/T2(70)                                              12662270
      DATA T2/                                                          12662280
     X  -0.07009, 0.06401, 0.13691,-0.17288,-0.00674, 0.01420, 0.00730, 12662290
     X  -0.02344,-0.00010, 0.00237, 0.11310, 0.01975, 0.77477,-0.58403, 12662300
     X  -0.35005,-0.22923,-0.10717,-0.10318,-0.09883, 0.00372, 0.00695, 12662310
     X  -0.00195, 0.01110, 0.00089, 0.00344, 0.24697, 0.13589, 0.62332, 12662320
     X  -0.64453,-0.11371,-0.17860,-0.11118,-0.03869,-0.06024, 0.00863, 12662330
     X   0.00695, 0.00013, 0.00448,-0.00019, 0.00100, 0.23930, 0.20495, 12662340
     X   0.46294,-0.56567, 0.03520,-0.12498,-0.08747,-0.01218,-0.03718, 12662350
     X   0.00734, 0.00410, 0.00044, 0.00180,-0.00028, 0.00031, 0.15690, 12662360
     X   0.22391, 0.30848,-0.39835, 0.09635,-0.07256,-0.05192,-0.00450, 12662370
     X  -0.02073, 0.00412, 0.00145, 0.00043, 0.00064,-0.00010, 0.00014/ 12662380
      COMMON/LTABLE/T3(70)                                              12662390
      DATA T3/                                                          12662400
     X   0.06440, 0.20678, 0.18072,-0.16108, 0.07023,-0.02389,-0.01685, 12662410
     X  -0.00078,-0.00744, 0.00154, 0.00027, 0.00028, 0.00019,-0.00002, 12662420
     X   0.00004,-0.01780, 0.13087, 0.05055, 0.13094,-0.02443, 0.02122, 12662430
     X   0.01379, 0.00756, 0.00198, 0.00132, 0.00042, 0.00041, 0.00035, 12662440
     X   0.00009, 0.00009,-0.06785, 0.00317,-0.05878, 0.42456,-0.16371, 12662450
     X   0.05626, 0.04181, 0.02644, 0.00316, 0.00357, 0.00120, 0.00157, 12662460
     X   0.00081, 0.00015, 0.00017,-0.03397,-0.14598,-0.08150, 0.73911, 12662470
     X  -0.36301, 0.07237, 0.06961, 0.06121,-0.01016, 0.00701, 0.00268, 12662480
     X   0.00463,-0.00005, 0.00065, 0.00032, 0.10670,-0.33097, 0.01026, 12662490
     X   1.12030,-0.64026, 0.05541, 0.10081, 0.12317,-0.05210, 0.00914/ 12662500
      COMMON/LTABLE/T4(70)                                              12662510
      DATA T4/                                                          12662520
     X   0.00698, 0.01220,-0.00625, 0.00150, 0.00084, 0.37013,-0.58563, 12662530
     X   0.22622, 1.63230,-1.02707,-0.01018, 0.14864, 0.23368,-0.14281, 12662540
     X   0.00075, 0.02095, 0.03026,-0.02887, 0.00232, 0.00438, 0.38656, 12662550
     X   0.35541, 1.06004,-0.89935, 0.00016,-0.27683,-0.21387,-0.07061, 12662560
     X  -0.14122, 0.02411, 0.01134,-0.00310, 0.00791,-0.00236, 0.00300, 12662570
     X  -0.00145, 0.00085, 0.00082, 0.00007, 0.00013, 0.31644, 0.42096, 12662580
     X   0.76303,-0.70601, 0.12312,-0.19961,-0.15688,-0.03257,-0.08902, 12662590
     X   0.01859, 0.00831, 0.00062, 0.00292,-0.00131, 0.00128,-0.00045, 12662600
     X   0.00058, 0.00025, 0.00003,-0.00002, 0.18786, 0.41404, 0.49070, 12662610
     X  -0.46466, 0.16221,-0.12056,-0.09024,-0.01792,-0.05001, 0.01144/ 12662620
      COMMON/LTABLE/T5(70)                                              12662630
      DATA T5/                                                          12662640
     X   0.00290, 0.00195, 0.00109,-0.00043, 0.00094,-0.00014, 0.00041, 12662650
     X   0.00006, 0.00002,-0.00004, 0.06382, 0.35605, 0.27482,-0.18884, 12662660
     X   0.12008,-0.04030,-0.02877,-0.00464,-0.01845, 0.00599, 0.00052, 12662670
     X   0.00194, 0.00093, 0.00003, 0.00066,-0.00005, 0.00025,-0.00001, 12662680
     X  -0.00000,-0.00005,-0.04090, 0.24147, 0.08680, 0.10832, 0.02206, 12662690
     X   0.03784, 0.02427, 0.01682, 0.00723, 0.00501, 0.00144, 0.00273, 12662700
     X   0.00279, 0.00021, 0.00091, 0.00006, 0.00029,-0.00001, 0.00011, 12662710
     X  -0.00001,-0.11362, 0.07047,-0.07261, 0.40545,-0.11790, 0.10673, 12662720
     X   0.07439, 0.05186, 0.02421, 0.00872, 0.00397, 0.00590, 0.00637, 12662730
     X   0.00034, 0.00181, 0.00022, 0.00042,-0.00009, 0.00015,-0.00004/ 12662740
      COMMON/LTABLE/T6(70)                                              12662750
      DATA T6/                                                          12662760
     X  -0.11001,-0.13486,-0.12812, 0.70439,-0.31503, 0.15367, 0.12423, 12662770
     X   0.10613, 0.02797, 0.01252, 0.00754, 0.01263, 0.00812, 0.00146, 12662780
     X   0.00275, 0.00067, 0.00066,-0.00013, 0.00003, 0.00025,-0.02313, 12662790
     X  -0.38854,-0.04778, 1.04394,-0.59792, 0.16850, 0.17767, 0.19207, 12662800
     X   0.00338, 0.01561, 0.01295, 0.02883, 0.00328, 0.00439, 0.00467, 12662810
     X   0.00257, 0.00033,-0.00013,-0.00027, 0.00101, 0.42112, 0.66084, 12662820
     X   1.06789,-0.84463, 0.22178,-0.27422,-0.24313,-0.05117,-0.15575, 12662830
     X   0.03910, 0.01649,-0.00017, 0.00035,-0.00425, 0.00309,-0.00143, 12662840
     X   0.00389, 0.00126, 0.00050,-0.00045, 0.22537, 0.62030, 0.66338, 12662850
     X  -0.52062, 0.24297,-0.17128,-0.13552,-0.03566,-0.08881, 0.02539/ 12662860
      COMMON/LTABLE/T7(70)                                              12662870
      DATA T7/                                                          12662880
     X   0.00544, 0.00624, 0.00008,-0.00083, 0.00357,-0.00035, 0.00298, 12662890
     X   0.00026, 0.00026,-0.00034, 0.05549, 0.51585, 0.34717,-0.21230, 12662900
     X   0.19072,-0.05923,-0.04216,-0.01222,-0.03337, 0.01573, 0.00058, 12662910
     X   0.00783, 0.00283, 0.00071, 0.00347, 0.00008, 0.00212,-0.00014, 12662920
     X   0.00029,-0.00023,-0.08191, 0.35631, 0.08522, 0.08630, 0.09008, 12662930
     X   0.05508, 0.03612, 0.02722, 0.01357, 0.01460, 0.00266, 0.01047, 12662940
     X   0.01067, 0.00099, 0.00467, 0.00065, 0.00185,-0.00026, 0.00093, 12662950
     X  -0.00023,-0.18366, 0.14093,-0.13528, 0.37773,-0.05280, 0.16600, 12662960
     X   0.11115, 0.08465, 0.05208, 0.02237, 0.00876, 0.01838, 0.02466, 12662970
     X   0.00051, 0.00901, 0.00071, 0.00268,-0.00065, 0.00184,-0.00050/ 12662980
      COMMON/LTABLE/T8(70)                                              12662990
      DATA T8/                                                          12663000
     X  -0.22053,-0.12357,-0.25172, 0.65738,-0.26027, 0.25828, 0.18702, 12663010
     X   0.16261, 0.07540, 0.03436, 0.01319, 0.03585, 0.04001, 0.00163, 12663020
     X   0.01574, 0.00147, 0.00400,-0.00041, 0.00339,-0.00071, 0.26206, 12663030
     X   0.84722, 0.82255,-0.55261, 0.33683,-0.22977,-0.19206,-0.05674, 12663040
     X  -0.13047, 0.05111, 0.01007, 0.01709,-0.00437,-0.00098, 0.01191, 12663050
     X   0.00004, 0.01296, 0.00163, 0.00123,-0.00212,-0.00056,-0.00008, 12663060
     X   0.00012, 0.00029,-0.00019,-0.00006, 0.00002, 0.00013, 0.00014, 12663070
     X  -0.00005, 0.03344, 0.68852, 0.38669,-0.21647, 0.28132,-0.08541, 12663080
     X  -0.05830,-0.02666,-0.05081, 0.03427,-0.00026, 0.02368, 0.00678, 12663090
     X   0.00411, 0.01257, 0.00183, 0.00972,-0.00034, 0.00221,-0.00133/ 12663100
      COMMON/LTABLE/T9(70)                                              12663110
      DATA T9/                                                          12663120
     X   0.00053,-0.00012, 0.00013, 0.00010, 0.00009,-0.00014, 0.00017, 12663130
     X   0.00003, 0.00016,-0.00007,-0.14387, 0.47835, 0.03829, 0.07851, 12663140
     X   0.18046, 0.06911, 0.04853, 0.03463, 0.01860, 0.03484, 0.00298, 12663150
     X   0.03035, 0.02786, 0.00578, 0.01571, 0.00448, 0.00878,-0.00096, 12663160
     X   0.00516,-0.00083, 0.00304,-0.00029, 0.00115,-0.00015, 0.00109, 12663170
     X  -0.00052, 0.00069,-0.00032, 0.00044,-0.00034,-0.28159, 0.20496, 12663180
     X  -0.25257, 0.33993, 0.03354, 0.21650, 0.13925, 0.11858, 0.06707, 12663190
     X   0.05233, 0.00810, 0.04588, 0.05726, 0.00757, 0.02030, 0.01051, 12663200
     X   0.00847, 0.00047, 0.00965, 0.00030, 0.00698, 0.00004, 0.00275, 12663210
     X   0.00012, 0.00272,-0.00072, 0.00168,-0.00047, 0.00113,-0.00060/ 12663220
      END                                                               12663230
      BLOCK DATA                                                        12663240
      COMMON/LTABLE/NAME,TIME,PX(4),PY(4)                               12663250
      DOUBLE PRECISION NAME                                             12663260
      DATA NAME/8HGSFC1266/                                             12663270
      DATA TIME/ 1975.0/                                                12663280
      DATA PX/ -0.002498, -0.057890,  0.017255,  0.004368/              12663290
      DATA PY/ -0.004035, -0.037484,  0.021185, -0.012533/              12663300
      COMMON/LTABLE/T0(70)                                              12663310
      DATA T0/                                                          12663320
     X  -0.01628,-0.17597, 0.17020,-0.20555,-0.50447,-0.10499, 0.00143, 12663330
     X  -0.04602,-0.01636,-0.00099, 0.00509,-0.00016, 0.00268, 0.00058, 12663340
     X   0.00035, 0.17073,-0.08354, 0.13398,-0.38621,-0.21113,-0.07491, 12663350
     X  -0.02469,-0.01176,-0.00604, 0.00160, 0.00246, 0.00035, 0.00080, 12663360
     X   0.00007, 0.00005, 0.20678, 0.00447, 0.14214,-0.40070,-0.03121, 12663370
     X  -0.04838,-0.02713, 0.00035,-0.00548, 0.00167, 0.00114, 0.00011, 12663380
     X   0.00030,-0.00003, 0.00001, 0.14935, 0.05863, 0.13269,-0.30401, 12663390
     X   0.05029,-0.02629,-0.01770, 0.00175,-0.00418, 0.00085, 0.00036, 12663400
     X   0.00003, 0.00012,-0.00002, 0.00000, 0.06587, 0.07579, 0.09346, 12663410
     X  -0.12877, 0.04322,-0.00826,-0.00559, 0.00042,-0.00138, 0.00017/ 12663420
      COMMON/LTABLE/T1(70)                                              12663430
      DATA T1/                                                          12663440
     X   0.00002,-0.00001, 0.00001, 0.00003, 0.00001,-0.01578, 0.01513, 12663450
     X  -0.02895, 0.13206,-0.04995, 0.00595, 0.00356, 0.00172,-0.00053, 12663460
     X   0.00015, 0.00005, 0.00002,-0.00000, 0.00002,-0.00003,-0.05951, 12663470
     X  -0.05939,-0.09273, 0.39206,-0.19134, 0.01450, 0.01161, 0.00946, 12663480
     X  -0.00625, 0.00076, 0.00015, 0.00021,-0.00019, 0.00003,-0.00000, 12663490
     X  -0.01000,-0.14058,-0.09414, 0.70185,-0.39919, 0.01372, 0.02147, 12663500
     X   0.02631,-0.02525, 0.00168, 0.00069, 0.00082,-0.00140, 0.00012, 12663510
     X  -0.00001, 0.16186,-0.24127,-0.03266, 1.11139,-0.69157,-0.00731, 12663520
     X   0.03597, 0.05996,-0.07173, 0.00117, 0.00338, 0.00230,-0.00639, 12663530
     X   0.00024, 0.00026, 0.51637,-0.38421, 0.07664, 1.69686,-1.09983/ 12663540
      COMMON/LTABLE/T2(70)                                              12663550
      DATA T2/                                                          12663560
     X  -0.07516, 0.06157, 0.13038,-0.17385,-0.00725, 0.01446, 0.00639, 12663570
     X  -0.02342,-0.00010, 0.00243, 0.13492, 0.04355, 0.79417,-0.54496, 12663580
     X  -0.34957,-0.20242,-0.09521,-0.11640,-0.08681,-0.00606, 0.00153, 12663590
     X  -0.00150, 0.01005, 0.00125, 0.00382, 0.27267, 0.16107, 0.64010, 12663600
     X  -0.61414,-0.10459,-0.16582,-0.10152,-0.04672,-0.05516, 0.00555, 12663610
     X   0.00453, 0.00043, 0.00382,-0.00003, 0.00102, 0.26464, 0.22640, 12663620
     X   0.47883,-0.54240, 0.04658,-0.11909,-0.08040,-0.01720,-0.03513, 12663630
     X   0.00649, 0.00294, 0.00061, 0.00143,-0.00023, 0.00032, 0.17733, 12663640
     X   0.24096, 0.32120,-0.38240, 0.10551,-0.07002,-0.04757,-0.00717, 12663650
     X  -0.01990, 0.00387, 0.00094, 0.00050, 0.00049,-0.00013, 0.00012/ 12663660
      COMMON/LTABLE/T3(70)                                              12663670
      DATA T3/                                                          12663680
     X   0.07744, 0.21846, 0.18634,-0.15483, 0.07435,-0.02347,-0.01536, 12663690
     X  -0.00170,-0.00722, 0.00152, 0.00006, 0.00031, 0.00017, 0.00002, 12663700
     X   0.00004,-0.01607, 0.13323, 0.04460, 0.12475,-0.02683, 0.01974, 12663710
     X   0.01204, 0.00765, 0.00153, 0.00114, 0.00030, 0.00043, 0.00028, 12663720
     X   0.00006, 0.00010,-0.08065,-0.00117,-0.07036, 0.40554,-0.17205, 12663730
     X   0.05266, 0.03668, 0.02680, 0.00201, 0.00307, 0.00094, 0.00155, 12663740
     X   0.00063, 0.00017, 0.00019,-0.06143,-0.15468,-0.09511, 0.70674, 12663750
     X  -0.37654, 0.06641, 0.06066, 0.06101,-0.01214, 0.00582, 0.00200, 12663760
     X   0.00453,-0.00043, 0.00058, 0.00029, 0.06328,-0.34345,-0.00437, 12663770
     X   1.07375,-0.65860, 0.04728, 0.08780, 0.12151,-0.05556, 0.00742/ 12663780
      COMMON/LTABLE/T4(70)                                              12663790
      DATA T4/                                                          12663800
     X   0.00560, 0.01187,-0.00695, 0.00140, 0.00080, 0.30722,-0.60223, 12663810
     X   0.20835, 1.57198,-1.05152,-0.01772, 0.13154, 0.23035,-0.14735, 12663820
     X  -0.00098, 0.01916, 0.02922,-0.03049, 0.00268, 0.00417, 0.41905, 12663830
     X   0.39987, 1.08004,-0.86925, 0.02341,-0.26377,-0.20063,-0.08558, 12663840
     X  -0.13255, 0.01934, 0.00620,-0.00224, 0.00575,-0.00216, 0.00275, 12663850
     X  -0.00159, 0.00113, 0.00108, 0.00035, 0.00003, 0.34789, 0.45361, 12663860
     X   0.78375,-0.68225, 0.14190,-0.19329,-0.14567,-0.04314,-0.08483, 12663870
     X   0.01741, 0.00542, 0.00108, 0.00177,-0.00122, 0.00100,-0.00046, 12663880
     X   0.00077, 0.00035, 0.00012,-0.00007, 0.21242, 0.43813, 0.50514, 12663890
     X  -0.44775, 0.17487,-0.11744,-0.08287,-0.02393,-0.04802, 0.01109/ 12663900
      COMMON/LTABLE/T5(70)                                              12663910
      DATA T5/                                                          12663920
     X   0.00146, 0.00218, 0.00046,-0.00029, 0.00078,-0.00013, 0.00048, 12663930
     X   0.00010, 0.00003,-0.00002, 0.07892, 0.37231, 0.27970,-0.18183, 12663940
     X   0.12571,-0.03995,-0.02602,-0.00690,-0.01805, 0.00570,-0.00015, 12663950
     X   0.00205, 0.00058, 0.00013, 0.00061,-0.00001, 0.00029, 0.00000, 12663960
     X   0.00001,-0.00001,-0.03754, 0.24895, 0.08130, 0.10256, 0.02041, 12663970
     X   0.03533, 0.02181, 0.01740, 0.00614, 0.00450, 0.00106, 0.00282, 12663980
     X   0.00241, 0.00027, 0.00091, 0.00012, 0.00024,-0.00001, 0.00004, 12663990
     X   0.00000,-0.12426, 0.07006,-0.08515, 0.38564,-0.12604, 0.10119, 12664000
     X   0.06614, 0.05437, 0.02150, 0.00755, 0.00350, 0.00607, 0.00565, 12664010
     X   0.00049, 0.00189, 0.00023, 0.00043,-0.00008, 0.00019,-0.00003/ 12664020
      COMMON/LTABLE/T6(70)                                              12664030
      DATA T6/                                                          12664040
     X  -0.13497,-0.14129,-0.14411, 0.66888,-0.32845, 0.14489, 0.10952, 12664050
     X   0.10956, 0.02372, 0.00995, 0.00683, 0.01259, 0.00678, 0.00168, 12664060
     X   0.00272, 0.00071, 0.00059,-0.00025,-0.00001, 0.00030,-0.06546, 12664070
     X  -0.40245,-0.06825, 0.99113,-0.61832, 0.15766, 0.15554, 0.19521, 12664080
     X  -0.00320, 0.01135, 0.01108, 0.02837, 0.00092, 0.00514, 0.00428, 12664090
     X   0.00267, 0.00020,-0.00041,-0.00020, 0.00115, 0.46094, 0.70319, 12664100
     X   1.09765,-0.82252, 0.24864,-0.27063,-0.22746,-0.06977,-0.14983, 12664110
     X   0.03908, 0.01097, 0.00101,-0.00258,-0.00427, 0.00174,-0.00132, 12664120
     X   0.00450, 0.00209, 0.00100,-0.00071, 0.25484, 0.65067, 0.68140, 12664130
     X  -0.50300, 0.25913,-0.16856,-0.12500,-0.04652,-0.08570, 0.02525/ 12664140
      COMMON/LTABLE/T7(70)                                              12664150
      DATA T7/                                                          12664160
     X   0.00219, 0.00686,-0.00163,-0.00051, 0.00285,-0.00005, 0.00325, 12664170
     X   0.00062, 0.00044,-0.00044, 0.07299, 0.53685, 0.35236,-0.20390, 12664180
     X   0.19794,-0.05918,-0.03751,-0.01639,-0.03281, 0.01515,-0.00124, 12664190
     X   0.00823, 0.00168, 0.00108, 0.00315, 0.00030, 0.00213, 0.00000, 12664200
     X   0.00039,-0.00027,-0.07711, 0.36820, 0.07926, 0.08196, 0.08924, 12664210
     X   0.05146, 0.03366, 0.02842, 0.01134, 0.01347, 0.00142, 0.01104, 12664220
     X   0.00941, 0.00156, 0.00472, 0.00089, 0.00181,-0.00024, 0.00081, 12664230
     X  -0.00021,-0.19265, 0.14421,-0.14999, 0.35845,-0.06086, 0.15855, 12664240
     X   0.10031, 0.09024, 0.04717, 0.02017, 0.00764, 0.01954, 0.02254, 12664250
     X   0.00167, 0.00960, 0.00086, 0.00265,-0.00081, 0.00175,-0.00029/ 12664260
      COMMON/LTABLE/T8(70)                                              12664270
      DATA T8/                                                          12664280
     X  -0.24459,-0.12920,-0.27265, 0.62047,-0.27519, 0.24729, 0.16626, 12664290
     X   0.17097, 0.06759, 0.02992, 0.01130, 0.03782, 0.03650, 0.00382, 12664300
     X   0.01685, 0.00148, 0.00412,-0.00093, 0.00318,-0.00005, 0.29704, 12664310
     X   0.88253, 0.84567,-0.53367, 0.35549,-0.22757,-0.17928,-0.07376, 12664320
     X  -0.12676, 0.05206, 0.00385, 0.01851,-0.00822, 0.00006, 0.00949, 12664330
     X   0.00117, 0.01424, 0.00351, 0.00194,-0.00270,-0.00067,-0.00042, 12664340
     X   0.00022, 0.00038,-0.00034,-0.00013,-0.00002, 0.00017, 0.00019, 12664350
     X   0.00000, 0.05314, 0.71387, 0.39292,-0.20557, 0.28987,-0.08564, 12664360
     X  -0.05097,-0.03300,-0.05068, 0.03328,-0.00444, 0.02481, 0.00386, 12664370
     X   0.00566, 0.01151, 0.00293, 0.00994, 0.00048, 0.00231,-0.00143/ 12664380
      COMMON/LTABLE/T9(70)                                              12664390
      DATA T9/                                                          12664400
     X   0.00062,-0.00030, 0.00017, 0.00016,-0.00000,-0.00011, 0.00016, 12664410
     X   0.00009, 0.00021,-0.00003,-0.13796, 0.49473, 0.03120, 0.07670, 12664420
     X   0.18049, 0.06427, 0.04780, 0.03681, 0.01476, 0.03241,-0.00013, 12664430
     X   0.03204, 0.02431, 0.00781, 0.01568, 0.00565, 0.00815,-0.00086, 12664440
     X   0.00466,-0.00027, 0.00340,-0.00034, 0.00120, 0.00003, 0.00101, 12664450
     X  -0.00036, 0.00072,-0.00024, 0.00046,-0.00022,-0.28930, 0.21252, 12664460
     X  -0.27028, 0.32240, 0.02660, 0.20583, 0.12740, 0.12670, 0.05911, 12664470
     X   0.04753, 0.00490, 0.04856, 0.05165, 0.01015, 0.02125, 0.01130, 12664480
     X   0.00670, 0.00002, 0.00831, 0.00180, 0.00753, 0.00007, 0.00284, 12664490
     X   0.00055, 0.00241,-0.00038, 0.00178,-0.00028, 0.00117,-0.00038/ 12664500
      END                                                               12664510
