1411 0 0 0 01980.06371.2 0                                                      
 GSFC12/83 (14,11) MODEL.                                                       
  2  1-29991.6016     0.0000    26.5047     0.0000     0.0000     0.0000        
  2  2 -1956.0100  5603.8984    11.9441   -15.9892     0.0000     0.0000        
  3  1 -1996.6699     0.0000   -17.7715     0.0000     0.0000     0.0000        
  3  2  3027.3101 -2129.3000     3.5560   -14.9880     0.0000     0.0000        
  3  3  1662.6899  -199.7370     3.1459   -24.1879     0.0000     0.0000        
  4  1  1281.4099     0.0000     1.2007     0.0000     0.0000     0.0000        
  4  2 -2180.5200  -335.5410    -3.6188     2.2614     0.0000     0.0000        
  4  3  1250.8601   270.8979    -1.1018     2.5249     0.0000     0.0000        
  4  4   832.8589  -252.2290     1.8474    -4.1066     0.0000     0.0000        
  5  1   937.6270     0.0000    -0.6511     0.0000     0.0000     0.0000        
  5  2   782.2800   212.1880    -2.0523     2.9464     0.0000     0.0000        
  5  3   397.8979  -256.6951    -5.8275     2.0422     0.0000     0.0000        
  5  4  -418.9170    52.8622    -2.4301     1.9796     0.0000     0.0000        
  5  5   198.8960  -297.1731    -2.7610    -2.4318     0.0000     0.0000        
  6  1  -217.8750     0.0000     0.0000     0.0000     0.0000     0.0000        
  6  2   357.2400    45.9779     0.0000     1.4379     0.0000     0.0000        
  6  3   261.0259   149.8220    -1.2862     0.4783     0.0000     0.0000        
  6  4   -74.2543  -150.6240    -4.1370    -0.9792     0.0000     0.0000        
  6  5  -161.9080   -77.7266    -1.3131     0.5830     0.0000     0.0000        
  6  6   -48.0216    92.1005     0.0000     0.1310     0.0000     0.0000        
  7  1    47.9521     0.0000     1.5744     0.0000     0.0000     0.0000        
  7  2    65.5112   -14.7623     0.3746     0.4169     0.0000     0.0000        
  7  3    41.9219    93.0835     0.9571    -0.7149     0.0000     0.0000        
  7  4  -192.1090    70.5787     1.2512     0.0000     0.0000     0.0000        
  7  5     3.5873   -43.0699     0.6488    -0.4089     0.0000     0.0000        
  7  6    13.8212    -2.2228     0.8309     0.3552     0.0000     0.0000        
  7  7  -107.7240    17.2125     1.5749     1.5578     0.0000     0.0000        
  8  1    71.9145     0.0000     1.3718     0.0000     0.0000     0.0000        
  8  2   -59.2225   -82.4974    -0.7318    -0.8626     0.0000     0.0000        
  8  3     1.6950   -27.4258     0.3371     0.7545     0.0000     0.0000        
  8  4    20.7407    -4.9118     0.0000     0.3567     0.0000     0.0000        
  8  5   -12.4245    16.2844     0.7764     0.1974     0.0000     0.0000        
  8  6     0.6345    17.7860     0.0000     0.3800     0.0000     0.0000        
  8  7    10.5919   -23.0138     0.0000     0.4037     0.0000     0.0000        
  8  8    -1.6744    -9.6949     1.7731     0.0000     0.0000     0.0000        
  9  1    18.4829     0.0000     0.7492     0.0000     0.0000     0.0000        
  9  2     6.5464     6.8482     0.0000    -0.6295     0.0000     0.0000        
  9  3    -0.4431   -17.7074     0.3060     0.0000     0.0000     0.0000        
  9  4   -10.9846     4.2139     0.0000     0.0000     0.0000     0.0000        
  9  5    -6.9316   -22.1996    -0.8890     0.0000     0.0000     0.0000        
  9  6     4.2292     9.1278     0.2806     0.6764     0.0000     0.0000        
  9  7     2.7169    16.0818     0.0000    -0.8512     0.0000     0.0000        
  9  8     6.0254   -13.2103     0.0000     0.0000     0.0000     0.0000        
  9  9    -1.3743   -14.5602    -2.2246    -1.7360     0.0000     0.0000        
 10  1     5.2888     0.0000    -0.2980     0.0000     0.0000     0.0000        
 10  2    10.3522   -20.8464     0.0000     0.4655     0.0000     0.0000        
 10  3     1.3838    15.5210     0.4694     0.0000     0.0000     0.0000        
 10  4   -12.3472     8.7402     0.0000     0.8824     0.0000     0.0000        
 10  5     9.4402    -5.3002     0.0000     0.5640     0.0000     0.0000        
 10  6    -3.4208    -6.3179    -0.0717     0.0000     0.0000     0.0000        
 10  7    -1.1874     9.0043     0.0000     0.0000     0.0000     0.0000        
 10  8     6.7100     9.6459     0.0000     0.0000     0.0000     0.0000        
 10  9     1.4932    -5.9579    -0.4223     0.3562     0.0000     0.0000        
 10 10    -4.9898     1.9550    -1.0561     2.0960     0.0000     0.0000        
 11  1    -3.4630     0.0000     0.8585     0.0000     0.0000     0.0000        
 11  2    -4.0063     1.2249     0.0000    -0.4876     0.0000     0.0000        
 11  3     2.2272     0.5099    -0.4740     0.0000     0.0000     0.0000        
 11  4    -5.4032     2.6612    -0.2979    -0.4653     0.0000     0.0000        
 11  5    -1.9878     5.7745     0.7246    -0.9477     0.0000     0.0000        
 11  6     4.5775    -4.2379     0.0000    -0.6276     0.0000     0.0000        
 11  7     3.1480    -0.4134     0.0000     0.0000     0.0000     0.0000        
 11  8     0.9039    -1.3354    -0.6724     0.0000     0.0000     0.0000        
 11  9     1.9700     3.5658     1.2551     0.0000     0.0000     0.0000        
 11 10     2.8069    -0.4729     0.1466    -0.2740     0.0000     0.0000        
 11 11    -0.2741    -6.1331    -0.5215     0.0000     0.0000     0.0000        
 12  1     2.4795     0.0000     0.0000     0.0000     0.0000     0.0000        
 12  2    -1.1335     0.6132     0.0000     0.0000     0.0000     0.0000        
 12  3    -1.6582     1.7210     0.0000     0.0000     0.0000     0.0000        
 12  4     2.1526    -1.3118     0.0000     0.0000     0.0000     0.0000        
 12  5     0.0610    -3.1316     0.0000     0.0000     0.0000     0.0000        
 12  6    -0.6072     0.7970     0.0000     0.0000     0.0000     0.0000        
 12  7    -0.3238    -0.0409     0.0000     0.0000     0.0000     0.0000        
 12  8     1.6151    -2.4801     0.0000     0.0000     0.0000     0.0000        
 12  9     1.7163    -0.3808     0.0000     0.0000     0.0000     0.0000        
 12 10    -0.7606    -1.6667     0.0000     0.0000     0.0000     0.0000        
 12 11     2.0084    -1.5290     0.0000     0.0000     0.0000     0.0000        
 12 12     3.4451     0.7629     0.0000     0.0000     0.0000     0.0000        
 13  1    -1.7069     0.0000     0.0000     0.0000     0.0000     0.0000        
 13  2    -0.1409     0.2182     0.0000     0.0000     0.0000     0.0000        
 13  3    -0.2764     0.7604     0.0000     0.0000     0.0000     0.0000        
 13  4    -0.2045     2.5462     0.0000     0.0000     0.0000     0.0000        
 13  5     0.6790    -1.4956     0.0000     0.0000     0.0000     0.0000        
 13  6     0.6367     0.3952     0.0000     0.0000     0.0000     0.0000        
 13  7    -0.4485     0.2423     0.0000     0.0000     0.0000     0.0000        
 13  8    -0.1787    -0.2355     0.0000     0.0000     0.0000     0.0000        
 13  9     0.2656     0.0192     0.0000     0.0000     0.0000     0.0000        
 13 10    -0.4602    -0.0133     0.0000     0.0000     0.0000     0.0000        
 13 11     0.1407    -1.2097     0.0000     0.0000     0.0000     0.0000        
 13 12     0.5953     0.3708     0.0000     0.0000     0.0000     0.0000        
 13 13    -0.1378     0.4564     0.0000     0.0000     0.0000     0.0000        
 14  1    -0.2049     0.0000     0.0000     0.0000     0.0000     0.0000        
 14  2    -0.5967    -0.4816     0.0000     0.0000     0.0000     0.0000        
 14  3     0.3725     0.3039     0.0000     0.0000     0.0000     0.0000        
 14  4    -0.8791     1.4826     0.0000     0.0000     0.0000     0.0000        
 14  5    -0.1829    -0.2216     0.0000     0.0000     0.0000     0.0000        
 14  6     1.1048    -0.4758     0.0000     0.0000     0.0000     0.0000        
 14  7    -0.4404    -0.2088     0.0000     0.0000     0.0000     0.0000        
 14  8     0.3847     0.7995     0.0000     0.0000     0.0000     0.0000        
 14  9    -0.4823     0.0535     0.0000     0.0000     0.0000     0.0000        
 14 10     0.1867     0.8530     0.0000     0.0000     0.0000     0.0000        
 14 11    -0.1106     0.0633     0.0000     0.0000     0.0000     0.0000        
 14 12     0.3455    -0.1350     0.0000     0.0000     0.0000     0.0000        
 14 13    -0.0851     0.2500     0.0000     0.0000     0.0000     0.0000        
 14 14     0.3797    -0.3348     0.0000     0.0000     0.0000     0.0000        
  0  0                                                                          
  0  0                                                                          
