                                                                                
                                                                                
00 1960.0 GSFC (9/65)                                                   09650010
GSFC0965  1970.         9                                               09650020
  2  1-30424.8687    -0.        20.5882    -0.        -0.        -0.    09650030
  2  2 -2161.6436  5774.7937     6.0189    -3.9447    -0.        -0.    09650040
  3  1 -1536.0694    -0.       -29.0652    -0.        -0.        -0.    09650050
  3  2  3000.2321 -1949.7720     1.2055   -13.6948    -0.        -0.    09650060
  3  3  1585.2601   204.3127    -0.7050   -15.7848    -0.        -0.    09650070
  4  1  1300.9035    -0.         2.6560    -0.        -0.        -0.    09650080
  4  2 -1987.0450  -431.0374   -10.0321     6.4944    -0.        -0.    09650090
  4  3  1290.3990   230.8023     1.6348     2.9303    -0.        -0.    09650100
  4  4   871.2244  -129.9628    -1.2965    -9.2424    -0.        -0.    09650110
  5  1   957.5724    -0.        -0.8567    -0.        -0.        -0.    09650120
  5  2   802.7834   152.0185     1.9384    -1.7719    -0.        -0.    09650130
  5  3   502.6079  -268.3777    -1.1743    -1.5404    -0.        -0.    09650140
  5  4  -394.0112     2.9340    -0.5382     3.1816    -0.        -0.    09650150
  5  5   271.4478  -250.5079    -4.1704    -5.4812    -0.        -0.    09650160
  6  1  -227.7316    -0.         2.5541    -0.        -0.        -0.    09650170
  6  2   359.5200     8.6217    -0.0834     3.0445    -0.        -0.    09650180
  6  3   231.3436   121.1710     1.5269     2.8776    -0.        -0.    09650190
  6  4   -31.1976  -116.0335    -0.4253    -1.8588    -0.        -0.    09650200
  6  5  -157.2728  -110.3921    -0.7249     1.2495    -0.        -0.    09650210
  6  6   -65.2117    79.8983     1.6351     0.8041    -0.        -0.    09650220
  7  1    49.7860    -0.        -0.6977    -0.        -0.        -0.    09650230
  7  2    60.7206   -11.9215     0.9921    -1.3863    -0.        -0.    09650240
  7  3     4.5448   102.8035     0.8483     0.1197    -0.        -0.    09650250
  7  4  -241.6789    60.8995     2.1140     1.5285    -0.        -0.    09650260
  7  5    -1.1590   -27.1619     1.5719    -0.7305    -0.        -0.    09650270
  7  6     0.4627   -12.4457    -0.0915    -0.0649    -0.        -0.    09650280
  7  7  -109.1168   -11.5927     0.0601     0.4496    -0.        -0.    09650290
  8  1    70.8741    -0.        -0.        -0.        -0.        -0.    09650300
  8  2   -57.2320   -54.0146    -0.        -0.        -0.        -0.    09650310
  8  3     5.6175   -24.4457    -0.        -0.        -0.        -0.    09650320
  8  4     7.5245    -9.0703    -0.        -0.        -0.        -0.    09650330
  8  5   -24.3955     2.2124    -0.        -0.        -0.        -0.    09650340
  8  6    -1.5321    27.6165    -0.        -0.        -0.        -0.    09650350
  8  7    14.0509   -21.1240    -0.        -0.        -0.        -0.    09650360
  8  8     5.8353   -20.1268    -0.        -0.        -0.        -0.    09650370
  9  1     4.7843    -0.        -0.        -0.        -0.        -0.    09650380
  9  2     6.6592     6.9126    -0.        -0.        -0.        -0.    09650390
  9  3    -8.7679   -12.1630    -0.        -0.        -0.        -0.    09650400
  9  4   -13.7631     5.7819    -0.        -0.        -0.        -0.    09650410
  9  5    -3.3302   -17.0167    -0.        -0.        -0.        -0.    09650420
  9  6     7.0866     2.5588    -0.        -0.        -0.        -0.    09650430
  9  7    -5.6391    23.5556    -0.        -0.        -0.        -0.    09650440
  9  8    11.7293    -2.5007    -0.        -0.        -0.        -0.    09650450
  9  9     6.3864   -16.0257    -0.        -0.        -0.        -0.    09650460
 10  1     9.8551    -0.        -0.        -0.        -0.        -0.    09650470
 10  2     2.8723   -22.0020    -0.        -0.        -0.        -0.    09650480
 10  3     7.4264    15.6354    -0.        -0.        -0.        -0.    09650490
 10  4   -15.5801     5.1148    -0.        -0.        -0.        -0.    09650500
 10  5    11.4173    -3.5447    -0.        -0.        -0.        -0.    09650510
 10  6    11.1175    -1.8380    -0.        -0.        -0.        -0.    09650520
 10  7     0.9601     9.5927    -0.        -0.        -0.        -0.    09650530
 10  8    -0.0466    12.0529    -0.        -0.        -0.        -0.    09650540
 10  9     1.6069     0.2308    -0.        -0.        -0.        -0.    09650550
 10 10     1.5169    -2.5032    -0.        -0.        -0.        -0.    09650560
      BLOCK DATA                                                        09650570
      COMMON/LTABLE/NAME,TIME,PX(4),PY(4)                               09650580
      DOUBLE PRECISION NAME                                             09650590
      DATA NAME/8HGSFC0965/                                             09650600
      DATA TIME/ 1965.0/                                                09650610
      DATA PX/ -0.000898, -0.053687,  0.016148,  0.004137/              09650620
      DATA PY/ -0.000995, -0.038387,  0.019886, -0.012439/              09650630
      COMMON/LTABLE/T0(70)                                              09650640
      DATA T0/                                                          09650650
     X  -0.03950,-0.15314, 0.11683,-0.27536,-0.47353,-0.12879,-0.02651, 09650660
     X  -0.03484,-0.02004, 0.00288, 0.00801,-0.00001, 0.00246, 0.00048, 09650670
     X   0.00016, 0.13777,-0.09098, 0.10252,-0.44389,-0.20972,-0.08956, 09650680
     X  -0.03507,-0.00608,-0.00782, 0.00329, 0.00377, 0.00029, 0.00091, 09650690
     X   0.00002, 0.00000, 0.17213,-0.01502, 0.11499,-0.44521,-0.04247, 09650700
     X  -0.05513,-0.03234, 0.00368,-0.00592, 0.00224, 0.00169, 0.00003, 09650710
     X   0.00038,-0.00005,-0.00001, 0.12082, 0.03683, 0.10708,-0.33395, 09650720
     X   0.03806,-0.02867,-0.02043, 0.00340,-0.00423, 0.00099, 0.00056, 09650730
     X  -0.00001, 0.00014,-0.00002, 0.00001, 0.04780, 0.05860, 0.07381, 09650740
     X  -0.14081, 0.03725,-0.00854,-0.00635, 0.00085,-0.00140, 0.00018/ 09650750
      COMMON/LTABLE/T1(70)                                              09650760
      DATA T1/                                                          09650770
     X   0.00003, 0.00002, 0.00001,-0.00000,-0.00001,-0.01414, 0.02510, 09650780
     X  -0.00972, 0.14506,-0.04454, 0.00724, 0.00500, 0.00191,-0.00039, 09650790
     X   0.00017, 0.00004, 0.00002, 0.00001,-0.00000,-0.00002,-0.03080, 09650800
     X  -0.04220,-0.06875, 0.42889,-0.17583, 0.01822, 0.01577, 0.01079, 09650810
     X  -0.00590, 0.00104, 0.00032, 0.00027,-0.00016, 0.00005, 0.00001, 09650820
     X   0.04620,-0.12061,-0.06949, 0.76341,-0.37372, 0.01989, 0.02889, 09650830
     X   0.03050,-0.02474, 0.00245, 0.00117, 0.00108,-0.00139, 0.00018, 09650840
     X   0.00000, 0.24894,-0.22023,-0.00959, 1.19813,-0.65634, 0.00025, 09650850
     X   0.04576, 0.06937,-0.07104, 0.00230, 0.00416, 0.00325,-0.00649, 09650860
     X   0.00034, 0.00030, 0.63802,-0.36408, 0.09329, 1.80705,-1.05667/ 09650870
      COMMON/LTABLE/T2(70)                                              09650880
      DATA T2/                                                          09650890
     X  -0.06790, 0.06712, 0.14752,-0.17298,-0.00749, 0.01392, 0.00901, 09650900
     X  -0.02366,-0.00039, 0.00236, 0.10024, 0.01750, 0.75507,-0.63022, 09650910
     X  -0.35006,-0.26455,-0.11305,-0.09019,-0.11161, 0.01781, 0.01319, 09650920
     X  -0.00080, 0.01133, 0.00043, 0.00158, 0.22988, 0.11984, 0.60626, 09650930
     X  -0.67911,-0.12372,-0.19479,-0.11873,-0.03066,-0.06522, 0.01271, 09650940
     X   0.00971, 0.00023, 0.00505,-0.00038, 0.00072, 0.22034, 0.18721, 09650950
     X   0.44564,-0.59223, 0.02327,-0.13249,-0.09396,-0.00718,-0.03892, 09650960
     X   0.00834, 0.00541, 0.00032, 0.00213,-0.00034, 0.00033, 0.14049, 09650970
     X   0.20858, 0.29406,-0.41681, 0.08727,-0.07593,-0.05607,-0.00176, 09650980
     X  -0.02139, 0.00438, 0.00199, 0.00036, 0.00078,-0.00015, 0.00015/ 09650990
      COMMON/LTABLE/T3(70)                                              09651000
      DATA T3/                                                          09651010
     X   0.05330, 0.19656, 0.17426,-0.16847, 0.06638,-0.02459,-0.01820, 09651020
     X   0.00015,-0.00757, 0.00166, 0.00043, 0.00025, 0.00024,-0.00003, 09651030
     X   0.00008,-0.01989, 0.12961, 0.05769, 0.13797,-0.02191, 0.02296, 09651040
     X   0.01562, 0.00747, 0.00237, 0.00149, 0.00055, 0.00046, 0.00047, 09651050
     X   0.00002, 0.00008,-0.05769, 0.00808,-0.04503, 0.44667,-0.15565, 09651060
     X   0.06064, 0.04714, 0.02634, 0.00409, 0.00412, 0.00149, 0.00161, 09651070
     X   0.00099, 0.00016, 0.00019,-0.01088,-0.13776,-0.06516, 0.77730, 09651080
     X  -0.35008, 0.07914, 0.07900, 0.06219,-0.00848, 0.00806, 0.00329, 09651090
     X   0.00486, 0.00034, 0.00063, 0.00034, 0.14532,-0.32065, 0.02850, 09651100
     X   1.17638,-0.62210, 0.06339, 0.11486, 0.12681,-0.04900, 0.00971/ 09651110
      COMMON/LTABLE/T4(70)                                              09651120
      DATA T4/                                                          09651130
     X   0.00822, 0.01313,-0.00544, 0.00124, 0.00087, 0.43021,-0.57373, 09651140
     X   0.24817, 1.70859,-1.00143,-0.00687, 0.16776, 0.24214,-0.13848, 09651150
     X  -0.00239, 0.02234, 0.03382,-0.02616, 0.00032, 0.00433, 0.36400, 09651160
     X   0.32034, 1.04141,-0.93138,-0.02568,-0.29322,-0.22571,-0.05565, 09651170
     X  -0.14960, 0.02916, 0.01748,-0.00308, 0.01033,-0.00240, 0.00275, 09651180
     X  -0.00068, 0.00084, 0.00032,-0.00034, 0.00011, 0.29160, 0.39358, 09651190
     X   0.74102,-0.73259, 0.10352,-0.20795,-0.16793,-0.02242,-0.09224, 09651200
     X   0.01952, 0.01153, 0.00016, 0.00419,-0.00140, 0.00176,-0.00033, 09651210
     X   0.00045, 0.00006,-0.00015, 0.00004, 0.16735, 0.39321, 0.47479, 09651220
     X  -0.48438, 0.14991,-0.12515,-0.09758,-0.01200,-0.05152, 0.01177/ 09651230
      COMMON/LTABLE/T5(70)                                              09651240
      DATA T5/                                                          09651250
     X   0.00458, 0.00169, 0.00170,-0.00054, 0.00120,-0.00017, 0.00030, 09651260
     X  -0.00001,-0.00007, 0.00000, 0.05071, 0.34207, 0.26959,-0.19732, 09651270
     X   0.11509,-0.04118,-0.03145,-0.00233,-0.01872, 0.00619, 0.00133, 09651280
     X   0.00180, 0.00125,-0.00006, 0.00070,-0.00008, 0.00027,-0.00003, 09651290
     X   0.00003, 0.00000,-0.04449, 0.23571, 0.09339, 0.11453, 0.02396, 09651300
     X   0.04090, 0.02690, 0.01645, 0.00825, 0.00562, 0.00183, 0.00258, 09651310
     X   0.00316, 0.00013, 0.00088, 0.00005, 0.00031,-0.00001, 0.00010, 09651320
     X  -0.00003,-0.10583, 0.07190,-0.05808, 0.42797,-0.11017, 0.11382, 09651330
     X   0.08284, 0.04977, 0.02646, 0.01021, 0.00440, 0.00583, 0.00713, 09651340
     X   0.00016, 0.00165, 0.00024, 0.00048, 0.00001, 0.00020,-0.00005/ 09651350
      COMMON/LTABLE/T6(70)                                              09651360
      DATA T6/                                                          09651370
     X  -0.09027,-0.12845,-0.10947, 0.74505,-0.30303, 0.16464, 0.13940, 09651380
     X   0.10365, 0.03125, 0.01545, 0.00802, 0.01305, 0.00949, 0.00095, 09651390
     X   0.00280, 0.00072, 0.00067, 0.00008, 0.00008, 0.00013, 0.01240, 09651400
     X  -0.37749,-0.02399, 1.10492,-0.58000, 0.18227, 0.20113, 0.19094, 09651410
     X   0.00878, 0.01859, 0.01435, 0.03084, 0.00588, 0.00241, 0.00526, 09651420
     X   0.00256,-0.00008, 0.00021,-0.00015, 0.00069, 0.38791, 0.62482, 09651430
     X   1.03601,-0.86922, 0.19411,-0.28026,-0.25965,-0.03402,-0.15924, 09651440
     X   0.03750, 0.02265,-0.00171, 0.00405,-0.00413, 0.00604,-0.00101, 09651450
     X   0.00310, 0.00003,-0.00057,-0.00008, 0.20009, 0.59397, 0.64392, 09651460
     X  -0.54170, 0.22791,-0.17641,-0.14604,-0.02519,-0.09106, 0.02512/ 09651470
      COMMON/LTABLE/T7(70)                                              09651480
      DATA T7/                                                          09651490
     X   0.00905, 0.00538, 0.00170,-0.00120, 0.00496,-0.00061, 0.00239, 09651500
     X  -0.00032,-0.00018,-0.00010, 0.04019, 0.49768, 0.34195,-0.22296, 09651510
     X   0.18478,-0.05997,-0.04658,-0.00781,-0.03359, 0.01627, 0.00269, 09651520
     X   0.00733, 0.00395, 0.00023, 0.00379,-0.00017, 0.00190,-0.00032, 09651530
     X   0.00024,-0.00016,-0.08678, 0.34649, 0.09270, 0.09048, 0.09161, 09651540
     X   0.05967, 0.03872, 0.02630, 0.01562, 0.01620, 0.00400, 0.00985, 09651550
     X   0.01209, 0.00051, 0.00432, 0.00046, 0.00205,-0.00024, 0.00104, 09651560
     X  -0.00040,-0.17758, 0.13933,-0.11873, 0.39901,-0.04514, 0.17551, 09651570
     X   0.12209, 0.07952, 0.05614, 0.02570, 0.00991, 0.01724, 0.02681, 09651580
     X  -0.00039, 0.00774, 0.00082, 0.00293,-0.00023, 0.00217,-0.00081/ 09651590
      COMMON/LTABLE/T8(70)                                              09651600
      DATA T8/                                                          09651610
     X  -0.20286,-0.11694,-0.22877, 0.69828,-0.24775, 0.27249, 0.20803, 09651620
     X   0.15526, 0.08083, 0.04033, 0.01465, 0.03391, 0.04286,-0.00057, 09651630
     X   0.01376, 0.00226, 0.00390, 0.00065, 0.00407,-0.00178, 0.23103, 09651640
     X   0.81652, 0.79769,-0.57696, 0.32140,-0.23673,-0.20456,-0.04003, 09651650
     X  -0.13349, 0.04936, 0.01652, 0.01456,-0.00157,-0.00232, 0.01630, 09651660
     X  -0.00101, 0.01006,-0.00161,-0.00042,-0.00077, 0.00028, 0.00072, 09651670
     X  -0.00007, 0.00014, 0.00002,-0.00001, 0.00026, 0.00002, 0.00004, 09651680
     X  -0.00009, 0.01622, 0.66550, 0.38155,-0.23079, 0.27522,-0.08609, 09651690
     X  -0.06524,-0.01933,-0.05086, 0.03522, 0.00445, 0.02225, 0.00890, 09651700
     X   0.00239, 0.01322, 0.00047, 0.00874,-0.00155, 0.00181,-0.00094/ 09651710
      COMMON/LTABLE/T9(70)                                              09651720
      DATA T9/                                                          09651730
     X   0.00055, 0.00030, 0.00017,-0.00001, 0.00029,-0.00014, 0.00016, 09651740
     X   0.00003, 0.00013,-0.00012,-0.14936, 0.46387, 0.04774, 0.07938, 09651750
     X   0.18195, 0.07571, 0.04969, 0.03289, 0.02229, 0.03780, 0.00667, 09651760
     X   0.02865, 0.03156, 0.00408, 0.01405, 0.00339, 0.00971,-0.00073, 09651770
     X   0.00568,-0.00139, 0.00230, 0.00005, 0.00112,-0.00036, 0.00124, 09651780
     X  -0.00059, 0.00060,-0.00038, 0.00032,-0.00034,-0.27652, 0.20043, 09651790
     X  -0.23281, 0.35889, 0.04113, 0.22955, 0.15155, 0.11040, 0.07387, 09651800
     X   0.05923, 0.01171, 0.04304, 0.06314, 0.00611, 0.01683, 0.01037, 09651810
     X   0.01176, 0.00180, 0.01154,-0.00158, 0.00528, 0.00048, 0.00268, 09651820
     X  -0.00051, 0.00297,-0.00100, 0.00145,-0.00047, 0.00098,-0.00072/ 09651830
      END                                                               09651840
      BLOCK DATA                                                        09651850
      COMMON/LTABLE/NAME,TIME,PX(4),PY(4)                               09651860
      DOUBLE PRECISION NAME                                             09651870
      DATA NAME/8HGSFC0965/                                             09651880
      DATA TIME/ 1970.0/                                                09651890
      DATA PX/ -0.001191, -0.055963,  0.017338,  0.003764/              09651900
      DATA PY/ -0.001607, -0.038411,  0.020524, -0.012474/              09651910
      COMMON/LTABLE/T0(70)                                              09651920
      DATA T0/                                                          09651930
     X  -0.01613,-0.14358, 0.12300,-0.26524,-0.47284,-0.12704,-0.01428, 09651940
     X  -0.03773,-0.01950, 0.00334, 0.00746, 0.00005, 0.00238, 0.00052, 09651950
     X   0.00011, 0.16686,-0.08509, 0.11085,-0.43410,-0.19787,-0.09021, 09651960
     X  -0.02824,-0.00773,-0.00796, 0.00344, 0.00331, 0.00038, 0.00085, 09651970
     X   0.00002,-0.00000, 0.19861,-0.01086, 0.12404,-0.43760,-0.02802, 09651980
     X  -0.05630,-0.02883, 0.00270,-0.00628, 0.00230, 0.00143, 0.00008, 09651990
     X   0.00037,-0.00006, 0.00000, 0.14017, 0.04026, 0.11488,-0.32883, 09652000
     X   0.04949,-0.02955,-0.01884, 0.00289,-0.00449, 0.00103, 0.00045, 09652010
     X   0.00001, 0.00014,-0.00001,-0.00000, 0.06013, 0.06213, 0.07872, 09652020
     X  -0.13868, 0.04209,-0.00889,-0.00590, 0.00072,-0.00144, 0.00019/ 09652030
      COMMON/LTABLE/T1(70)                                              09652040
      DATA T1/                                                          09652050
     X   0.00004, 0.00002, 0.00002,-0.00001,-0.00003,-0.01324, 0.02546, 09652060
     X  -0.01401, 0.14266,-0.04928, 0.00737, 0.00438, 0.00187,-0.00050, 09652070
     X   0.00020, 0.00000, 0.00002,-0.00000, 0.00002, 0.00001,-0.04512, 09652080
     X  -0.04436,-0.07409, 0.42168,-0.18898, 0.01863, 0.01395, 0.01044, 09652090
     X  -0.00651, 0.00102, 0.00021, 0.00026,-0.00020, 0.00005,-0.00001, 09652100
     X   0.01881,-0.12568,-0.07438, 0.75069,-0.39460, 0.02048, 0.02576, 09652110
     X   0.02922,-0.02623, 0.00240, 0.00082, 0.00098,-0.00147, 0.00017, 09652120
     X  -0.00002, 0.20832,-0.22854,-0.01352, 1.17924,-0.68416, 0.00099, 09652130
     X   0.04163, 0.06623,-0.07387, 0.00217, 0.00351, 0.00285,-0.00668, 09652140
     X   0.00032, 0.00024, 0.58319,-0.37514, 0.09060, 1.78220,-1.08958/ 09652150
      COMMON/LTABLE/T2(70)                                              09652160
      DATA T2/                                                          09652170
     X  -0.06685, 0.06316, 0.14142,-0.17770,-0.00754, 0.01317, 0.00786, 09652180
     X  -0.02404,-0.00042, 0.00227, 0.13432, 0.05921, 0.77434,-0.61535, 09652190
     X  -0.33416,-0.26651,-0.09087,-0.10198,-0.10849, 0.01812, 0.01019, 09652200
     X   0.00004, 0.01064, 0.00086, 0.00156, 0.26657, 0.14828, 0.62547, 09652210
     X  -0.66815,-0.10233,-0.19943,-0.10529,-0.03771,-0.06422, 0.01304, 09652220
     X   0.00790, 0.00084, 0.00461,-0.00018, 0.00076, 0.25240, 0.20629, 09652230
     X   0.46096,-0.58415, 0.04354,-0.13673,-0.08598,-0.01123,-0.03872, 09652240
     X   0.00858, 0.00439, 0.00066, 0.00192,-0.00027, 0.00038, 0.16462, 09652250
     X   0.22174, 0.30403,-0.41125, 0.10198,-0.07861,-0.05173,-0.00385, 09652260
     X  -0.02137, 0.00450, 0.00156, 0.00050, 0.00070,-0.00012, 0.00017/ 09652270
      COMMON/LTABLE/T3(70)                                              09652280
      DATA T3/                                                          09652290
     X   0.06958, 0.20607, 0.17821,-0.16619, 0.07234,-0.02558,-0.01683, 09652300
     X  -0.00049,-0.00763, 0.00168, 0.00026, 0.00028, 0.00021,-0.00001, 09652310
     X   0.00006,-0.01524, 0.13443, 0.05461, 0.13540,-0.02658, 0.02343, 09652320
     X   0.01400, 0.00772, 0.00188, 0.00146, 0.00042, 0.00048, 0.00038, 09652330
     X   0.00004, 0.00006,-0.06835, 0.00795,-0.05171, 0.43868,-0.17010, 09652340
     X   0.06229, 0.04245, 0.02698, 0.00263, 0.00410, 0.00103, 0.00169, 09652350
     X   0.00084, 0.00018, 0.00016,-0.03521,-0.14226,-0.07289, 0.76274, 09652360
     X  -0.37321, 0.08151, 0.07106, 0.06245,-0.01147, 0.00795, 0.00225, 09652370
     X   0.00491,-0.00006, 0.00064, 0.00025, 0.10762,-0.32978, 0.02096, 09652380
     X   1.15357,-0.65304, 0.06601, 0.10380, 0.12552,-0.05410, 0.00943/ 09652390
      COMMON/LTABLE/T4(70)                                              09652400
      DATA T4/                                                          09652410
     X   0.00630, 0.01286,-0.00620, 0.00117, 0.00061, 0.37673,-0.58949, 09652420
     X   0.23838, 1.67731,-1.04133,-0.00240, 0.15507, 0.23760,-0.14553, 09652430
     X  -0.00301, 0.01956, 0.03259,-0.02754, 0.00020, 0.00387, 0.41005, 09652440
     X   0.36601, 1.07274,-0.92137, 0.00697,-0.30439,-0.20826,-0.07047, 09652450
     X  -0.14732, 0.02989, 0.01331,-0.00135, 0.00906,-0.00164, 0.00294, 09652460
     X  -0.00063, 0.00114, 0.00024,-0.00041, 0.00012, 0.32948, 0.42472, 09652470
     X   0.76313,-0.72535, 0.13011,-0.21644,-0.15669,-0.03130,-0.09118, 09652480
     X   0.02011, 0.00924, 0.00115, 0.00350,-0.00105, 0.00188,-0.00034, 09652490
     X   0.00057, 0.00005,-0.00018,-0.00004, 0.19510, 0.41471, 0.48739, 09652500
     X  -0.47909, 0.16790,-0.13018,-0.09082,-0.01685,-0.05097, 0.01204/ 09652510
      COMMON/LTABLE/T5(70)                                              09652520
      DATA T5/                                                          09652530
     X   0.00332, 0.00214, 0.00131,-0.00033, 0.00123,-0.00018, 0.00036, 09652540
     X  -0.00002,-0.00006,-0.00002, 0.06853, 0.35715, 0.27367,-0.19511, 09652550
     X   0.12251,-0.04306,-0.02915,-0.00406,-0.01884, 0.00633, 0.00071, 09652560
     X   0.00206, 0.00101, 0.00006, 0.00070,-0.00007, 0.00026,-0.00002, 09652570
     X   0.00003, 0.00001,-0.03874, 0.24447, 0.09015, 0.11208, 0.01999, 09652580
     X   0.04159, 0.02435, 0.01729, 0.00699, 0.00570, 0.00125, 0.00289, 09652590
     X   0.00293, 0.00023, 0.00084, 0.00012, 0.00029, 0.00001, 0.00006, 09652600
     X  -0.00000,-0.11450, 0.07418,-0.06640, 0.41990,-0.12506, 0.11681, 09652610
     X   0.07513, 0.05257, 0.02343, 0.01037, 0.00337, 0.00637, 0.00667, 09652620
     X   0.00039, 0.00167, 0.00027, 0.00048, 0.00005, 0.00020,-0.00004/ 09652630
      COMMON/LTABLE/T6(70)                                              09652640
      DATA T6/                                                          09652650
     X  -0.11266,-0.13212,-0.12047, 0.72985,-0.32793, 0.16961, 0.12619, 09652660
     X   0.10766, 0.02632, 0.01529, 0.00622, 0.01372, 0.00849, 0.00132, 09652670
     X   0.00273, 0.00079, 0.00069, 0.00007, 0.00003, 0.00015,-0.02513, 09652680
     X  -0.38881,-0.03847, 1.08059,-0.61592, 0.18912, 0.18195, 0.19474, 09652690
     X   0.00111, 0.01812, 0.01091, 0.03159, 0.00402, 0.00284, 0.00511, 09652700
     X   0.00254,-0.00006, 0.00004,-0.00024, 0.00063, 0.43184, 0.66596, 09652710
     X   1.06599,-0.86470, 0.22724,-0.29422,-0.24697,-0.04900,-0.15728, 09652720
     X   0.03877, 0.01842, 0.00049, 0.00229,-0.00322, 0.00634,-0.00083, 09652730
     X   0.00343,-0.00010,-0.00062,-0.00007, 0.23092, 0.62242, 0.65950, 09652740
     X  -0.53754, 0.24930,-0.18449,-0.13748,-0.03373,-0.08996, 0.02575/ 09652750
      COMMON/LTABLE/T7(70)                                              09652760
      DATA T7/                                                          09652770
     X   0.00653, 0.00656, 0.00052,-0.00064, 0.00500,-0.00045, 0.00254, 09652780
     X  -0.00036,-0.00017,-0.00013, 0.05907, 0.51744, 0.34632,-0.22076, 09652790
     X   0.19393,-0.06308,-0.04326,-0.01099,-0.03390, 0.01652, 0.00107, 09652800
     X   0.00812, 0.00304, 0.00066, 0.00380,-0.00003, 0.00193,-0.00032, 09652810
     X   0.00028,-0.00015,-0.08046, 0.35865, 0.08854, 0.08856, 0.08872, 09652820
     X   0.06043, 0.03570, 0.02787, 0.01298, 0.01643, 0.00236, 0.01102, 09652830
     X   0.01118, 0.00116, 0.00424, 0.00075, 0.00214,-0.00008, 0.00107, 09652840
     X  -0.00034,-0.18528, 0.14380,-0.12941, 0.39144,-0.05992, 0.17968, 09652850
     X   0.11167, 0.08532, 0.05023, 0.02641, 0.00729, 0.01947, 0.02548, 09652860
     X   0.00091, 0.00792, 0.00130, 0.00317, 0.00007, 0.00234,-0.00071/ 09652870
      COMMON/LTABLE/T8(70)                                              09652880
      DATA T8/                                                          09652890
     X  -0.22502,-0.12052,-0.24475, 0.68294,-0.27456, 0.27942, 0.18867, 09652900
     X   0.16447, 0.07068, 0.04139, 0.00988, 0.03782, 0.04027, 0.00178, 09652910
     X   0.01402, 0.00333, 0.00428, 0.00132, 0.00445,-0.00146, 0.26430, 09652920
     X   0.84979, 0.81625,-0.57489, 0.34578,-0.24854,-0.19494,-0.05295, 09652930
     X  -0.13195, 0.05081, 0.01208, 0.01717,-0.00442,-0.00077, 0.01642, 09652940
     X  -0.00032, 0.01036,-0.00161,-0.00035,-0.00074, 0.00038, 0.00071, 09652950
     X  -0.00010, 0.00012, 0.00003, 0.00001, 0.00019, 0.00006, 0.00004, 09652960
     X  -0.00006, 0.03574, 0.68879, 0.38605,-0.22886, 0.28633,-0.09076, 09652970
     X  -0.06052,-0.02434,-0.05167, 0.03576, 0.00117, 0.02435, 0.00653, 09652980
     X   0.00385, 0.01299, 0.00129, 0.00890,-0.00127, 0.00190,-0.00081/ 09652990
      COMMON/LTABLE/T9(70)                                              09653000
      DATA T9/                                                          09653010
     X   0.00075, 0.00037, 0.00021, 0.00002, 0.00028,-0.00008, 0.00030, 09653020
     X  -0.00004, 0.00015,-0.00005,-0.14279, 0.47882, 0.04231, 0.07821, 09653030
     X   0.18061, 0.07601, 0.04712, 0.03499, 0.01730, 0.03831, 0.00278, 09653040
     X   0.03159, 0.02886, 0.00629, 0.01363, 0.00473, 0.00973, 0.00003, 09653050
     X   0.00584,-0.00090, 0.00260, 0.00025, 0.00129,-0.00022, 0.00134, 09653060
     X  -0.00049, 0.00070,-0.00035, 0.00040,-0.00032,-0.28355, 0.20712, 09653070
     X  -0.24541, 0.35191, 0.02829, 0.23280, 0.14003, 0.11804, 0.06309, 09653080
     X   0.05959, 0.00529, 0.04769, 0.05877, 0.00959, 0.01583, 0.01262, 09653090
     X   0.01124, 0.00352, 0.01150,-0.00048, 0.00570, 0.00111, 0.00289, 09653100
     X  -0.00000, 0.00326,-0.00076, 0.00172,-0.00036, 0.00118,-0.00074/ 09653110
      END                                                               09653120
      BLOCK DATA                                                        09653130
      COMMON/LTABLE/NAME,TIME,PX(4),PY(4)                               09653140
      DOUBLE PRECISION NAME                                             09653150
      DATA NAME/8HGSFC0965/                                             09653160
      DATA TIME/ 1975.0/                                                09653170
      DATA PX/ -0.001483, -0.058256,  0.018548,  0.003390/              09653180
      DATA PY/ -0.002220, -0.038433,  0.021164, -0.012509/              09653190
      COMMON/LTABLE/T0(70)                                              09653200
      DATA T0/                                                          09653210
     X   0.00659,-0.13401, 0.12916,-0.25565,-0.47248,-0.12521,-0.00199, 09653220
     X  -0.04065,-0.01887, 0.00383, 0.00693, 0.00011, 0.00233, 0.00056, 09653230
     X   0.00004, 0.19594,-0.07911, 0.11932,-0.42444,-0.18597,-0.09085, 09653240
     X  -0.02128,-0.00940,-0.00805, 0.00357, 0.00286, 0.00046, 0.00078, 09653250
     X   0.00005, 0.00001, 0.22529,-0.00655, 0.13331,-0.42998,-0.01338, 09653260
     X  -0.05751,-0.02527, 0.00167,-0.00662, 0.00236, 0.00117, 0.00013, 09653270
     X   0.00035,-0.00005, 0.00000, 0.15970, 0.04387, 0.12284,-0.32368, 09653280
     X   0.06108,-0.03043,-0.01720, 0.00237,-0.00472, 0.00106, 0.00036, 09653290
     X   0.00003, 0.00013,-0.00002, 0.00001, 0.07255, 0.06574, 0.08372, 09653300
     X  -0.13653, 0.04698,-0.00922,-0.00546, 0.00057,-0.00149, 0.00020/ 09653310
      COMMON/LTABLE/T1(70)                                              09653320
      DATA T1/                                                          09653330
     X   0.00003, 0.00004, 0.00003, 0.00000,-0.00001,-0.01236, 0.02578, 09653340
     X  -0.01831, 0.14019,-0.05407, 0.00748, 0.00375, 0.00185,-0.00063, 09653350
     X   0.00018, 0.00000, 0.00003, 0.00001, 0.00001, 0.00000,-0.05950, 09653360
     X  -0.04654,-0.07946, 0.41444,-0.20213, 0.01902, 0.01213, 0.01009, 09653370
     X  -0.00709, 0.00101, 0.00008, 0.00023,-0.00022, 0.00004,-0.00000, 09653380
     X  -0.00861,-0.13070,-0.07925, 0.73795,-0.41542, 0.02102, 0.02265, 09653390
     X   0.02790,-0.02766, 0.00232, 0.00049, 0.00088,-0.00154, 0.00014, 09653400
     X  -0.00004, 0.16778,-0.23663,-0.01739, 1.16039,-0.71174, 0.00173, 09653410
     X   0.03754, 0.06298,-0.07659, 0.00203, 0.00288, 0.00244,-0.00685, 09653420
     X   0.00027, 0.00017, 0.52860,-0.38586, 0.08801, 1.75754,-1.12213/ 09653430
      COMMON/LTABLE/T2(70)                                              09653440
      DATA T2/                                                          09653450
     X  -0.06574, 0.05931, 0.13523,-0.18226,-0.00762, 0.01241, 0.00671, 09653460
     X  -0.02439,-0.00045, 0.00218, 0.16811, 0.10142, 0.79378,-0.60044, 09653470
     X  -0.31798,-0.26841,-0.06837,-0.11405,-0.10496, 0.01829, 0.00722, 09653480
     X   0.00088, 0.00995, 0.00133, 0.00133, 0.30352, 0.17731, 0.64504, 09653490
     X  -0.65710,-0.08053,-0.20410,-0.09153,-0.04490,-0.06305, 0.01328, 09653500
     X   0.00607, 0.00142, 0.00415, 0.00002, 0.00078, 0.28481, 0.22583, 09653510
     X   0.47658,-0.57599, 0.06422,-0.14102,-0.07781,-0.01538,-0.03847, 09653520
     X   0.00879, 0.00340, 0.00097, 0.00170,-0.00019, 0.00043, 0.18898, 09653530
     X   0.23516, 0.31419,-0.40562, 0.11695,-0.08134,-0.04731,-0.00600, 09653540
     X  -0.02134, 0.00459, 0.00109, 0.00065, 0.00059,-0.00013, 0.00019/ 09653550
      COMMON/LTABLE/T3(70)                                              09653560
      DATA T3/                                                          09653570
     X   0.08598, 0.21576, 0.18223,-0.16397, 0.07840,-0.02661,-0.01542, 09653580
     X  -0.00126,-0.00772, 0.00170, 0.00011, 0.00031, 0.00019,-0.00000, 09653590
     X   0.00009,-0.01056, 0.13930, 0.05153, 0.13285,-0.03123, 0.02392, 09653600
     X   0.01239, 0.00798, 0.00138, 0.00153, 0.00024, 0.00053, 0.00035, 09653610
     X   0.00009, 0.00007,-0.07904, 0.00778,-0.05842, 0.43067,-0.18459, 09653620
     X   0.06387, 0.03770, 0.02756, 0.00118, 0.00412, 0.00057, 0.00174, 09653630
     X   0.00069, 0.00021, 0.00017,-0.05954,-0.14679,-0.08062, 0.74822, 09653640
     X  -0.39632, 0.08381, 0.06311, 0.06269,-0.01440, 0.00780, 0.00123, 09653650
     X   0.00492,-0.00043, 0.00066, 0.00017, 0.07004,-0.33877, 0.01352, 09653660
     X   1.13079,-0.68369, 0.06855, 0.09282, 0.12417,-0.05914, 0.00910/ 09653670
      COMMON/LTABLE/T4(70)                                              09653680
      DATA T4/                                                          09653690
     X   0.00439, 0.01254,-0.00696, 0.00109, 0.00034, 0.32337,-0.60520, 09653700
     X   0.22862, 1.64607,-1.08097, 0.00205, 0.14253, 0.23312,-0.15240, 09653710
     X  -0.00359, 0.01686, 0.03133,-0.02879,-0.00010, 0.00338, 0.45661, 09653720
     X   0.41285, 1.10478,-0.91112, 0.04040,-0.31571,-0.19039,-0.08565, 09653730
     X  -0.14472, 0.03034, 0.00914, 0.00036, 0.00771,-0.00087, 0.00300, 09653740
     X  -0.00051, 0.00138, 0.00011,-0.00039, 0.00011, 0.36784, 0.45658, 09653750
     X   0.78574,-0.71799, 0.15726,-0.22508,-0.14512,-0.04036,-0.09000, 09653760
     X   0.02060, 0.00692, 0.00206, 0.00273,-0.00070, 0.00200,-0.00030, 09653770
     X   0.00065,-0.00002,-0.00017, 0.00002, 0.22316, 0.43663, 0.50024, 09653780
     X  -0.47376, 0.18618,-0.13527,-0.08393,-0.02178,-0.05042, 0.01228/ 09653790
      COMMON/LTABLE/T5(70)                                              09653800
      DATA T5/                                                          09653810
     X   0.00210, 0.00262, 0.00084,-0.00017, 0.00130,-0.00013, 0.00040, 09653820
     X  -0.00009,-0.00004, 0.00001, 0.08651, 0.37237, 0.27784,-0.19280, 09653830
     X   0.13007,-0.04501,-0.02677,-0.00586,-0.01894, 0.00637, 0.00006, 09653840
     X   0.00228, 0.00073, 0.00016, 0.00070,-0.00006, 0.00027,-0.00003, 09653850
     X   0.00002,-0.00000,-0.03292, 0.25337, 0.08690, 0.10966, 0.01603, 09653860
     X   0.04226, 0.02184, 0.01806, 0.00570, 0.00577, 0.00067, 0.00320, 09653870
     X   0.00265, 0.00035, 0.00087, 0.00014, 0.00029, 0.00001, 0.00007, 09653880
     X  -0.00000,-0.12325, 0.07638,-0.07487, 0.41183,-0.14003, 0.11980, 09653890
     X   0.06734, 0.05533, 0.02041, 0.01048, 0.00226, 0.00693, 0.00612, 09653900
     X   0.00067, 0.00167, 0.00039, 0.00049, 0.00005, 0.00025, 0.00000/ 09653910
      COMMON/LTABLE/T6(70)                                              09653920
      DATA T6/                                                          09653930
     X  -0.13517,-0.13594,-0.13163, 0.71461,-0.35299, 0.17460, 0.11281, 09653940
     X   0.11173, 0.02140, 0.01505, 0.00443, 0.01434, 0.00744, 0.00168, 09653950
     X   0.00269, 0.00081, 0.00073,-0.00000, 0.00002, 0.00015,-0.06291, 09653960
     X  -0.40045,-0.05328, 1.05629,-0.65205, 0.19603, 0.16256, 0.19865, 09653970
     X  -0.00661, 0.01761, 0.00754, 0.03233, 0.00221, 0.00332, 0.00492, 09653980
     X   0.00255, 0.00004,-0.00017,-0.00029, 0.00062, 0.47643, 0.70811, 09653990
     X   1.09667,-0.85997, 0.26112,-0.30854,-0.23383,-0.06434,-0.15519, 09654000
     X   0.03990, 0.01410, 0.00261, 0.00036,-0.00222, 0.00661,-0.00061, 09654010
     X   0.00369,-0.00018,-0.00064,-0.00008, 0.26208, 0.65141, 0.67529, 09654020
     X  -0.53324, 0.27105,-0.19261,-0.12869,-0.04244,-0.08874, 0.02625/ 09654030
      COMMON/LTABLE/T7(70)                                              09654040
      DATA T7/                                                          09654050
     X   0.00402, 0.00775,-0.00081,-0.00008, 0.00508,-0.00025, 0.00262, 09654060
     X  -0.00036,-0.00012,-0.00013, 0.07814, 0.53747, 0.35079,-0.21852, 09654070
     X   0.20332,-0.06628,-0.03977,-0.01428,-0.03417, 0.01666,-0.00054, 09654080
     X   0.00892, 0.00205, 0.00112, 0.00377, 0.00016, 0.00199,-0.00030, 09654090
     X   0.00029,-0.00012,-0.07412, 0.37091, 0.08432, 0.08665, 0.08587, 09654100
     X   0.06112, 0.03272, 0.02923, 0.01028, 0.01666, 0.00064, 0.01210, 09654110
     X   0.01013, 0.00180, 0.00416, 0.00111, 0.00214, 0.00006, 0.00115, 09654120
     X  -0.00031,-0.19303, 0.14819,-0.14016, 0.38382,-0.07482, 0.18378, 09654130
     X   0.10114, 0.09105, 0.04422, 0.02698, 0.00450, 0.02169, 0.02389, 09654140
     X   0.00224, 0.00798, 0.00194, 0.00338, 0.00037, 0.00250,-0.00057/ 09654150
      COMMON/LTABLE/T8(70)                                              09654160
      DATA T8/                                                          09654170
     X  -0.24741,-0.12449,-0.26082, 0.66748,-0.30160, 0.28604, 0.16931, 09654180
     X   0.17336, 0.06036, 0.04219, 0.00467, 0.04162, 0.03730, 0.00420, 09654190
     X   0.01398, 0.00454, 0.00447, 0.00203, 0.00473,-0.00100, 0.29800, 09654200
     X   0.88382, 0.83522,-0.57268, 0.37070,-0.26051,-0.18482,-0.06626, 09654210
     X  -0.13020, 0.05188, 0.00761, 0.01972,-0.00740, 0.00065, 0.01639, 09654220
     X   0.00042, 0.01065,-0.00163,-0.00031,-0.00076, 0.00048, 0.00071, 09654230
     X  -0.00012, 0.00010,-0.00004, 0.00003, 0.00020, 0.00007, 0.00004, 09654240
     X  -0.00006, 0.05556, 0.71244, 0.39062,-0.22671, 0.29770,-0.09557, 09654250
     X  -0.05548,-0.02958,-0.05227, 0.03604,-0.00218, 0.02631, 0.00396, 09654260
     X   0.00529, 0.01261, 0.00210, 0.00893,-0.00094, 0.00197,-0.00068/ 09654270
      COMMON/LTABLE/T9(70)                                              09654280
      DATA T9/                                                          09654290
     X   0.00089, 0.00044, 0.00021, 0.00010, 0.00028,-0.00006, 0.00033, 09654300
     X   0.00002, 0.00018,-0.00005,-0.13607, 0.49400, 0.03695, 0.07715, 09654310
     X   0.17936, 0.07624, 0.04475, 0.03686, 0.01239, 0.03852,-0.00116, 09654320
     X   0.03437, 0.02591, 0.00838, 0.01293, 0.00606, 0.00964, 0.00082, 09654330
     X   0.00592,-0.00039, 0.00289, 0.00054, 0.00135,-0.00003, 0.00143, 09654340
     X  -0.00035, 0.00086,-0.00021, 0.00055,-0.00029,-0.29045, 0.21397, 09654350
     X  -0.25780, 0.34486, 0.01560, 0.23582, 0.12866, 0.12529, 0.05231, 09654360
     X   0.05941,-0.00134, 0.05197, 0.05395, 0.01286, 0.01439, 0.01487, 09654370
     X   0.01037, 0.00515, 0.01119, 0.00071, 0.00593, 0.00175, 0.00301, 09654380
     X   0.00054, 0.00339,-0.00041, 0.00198,-0.00027, 0.00124,-0.00048/ 09654390
      END                                                               09654400
