   0.103E+04   0.228E+03   0.944E+09   0.860E+10   0.130E+15   0.341E+14   0.153E+13   0.596E+08   0.509E+05   0.000E+00   0.794E-08
   0.103E+04   0.223E+03   0.500E+09   0.946E+11   0.635E+14   0.165E+14   0.743E+12   0.736E+08   0.830E+05   0.000E+00   0.388E-08
   0.103E+04   0.209E+03   0.287E+09   0.342E+12   0.314E+14   0.801E+13   0.359E+12   0.438E+08   0.138E+06   0.000E+00   0.192E-08
   0.103E+04   0.194E+03   0.180E+09   0.543E+12   0.149E+14   0.367E+13   0.162E+12   0.264E+08   0.221E+06   0.000E+00   0.912E-09
   0.103E+04   0.190E+03   0.125E+09   0.501E+12   0.641E+13   0.150E+13   0.634E+11   0.170E+08   0.332E+06   0.000E+00   0.395E-09
   0.103E+04   0.201E+03   0.102E+09   0.346E+12   0.259E+13   0.556E+12   0.217E+11   0.116E+08   0.480E+06   0.000E+00   0.160E-09
   0.103E+04   0.233E+03   0.915E+08   0.212E+12   0.105E+13   0.202E+12   0.703E+10   0.795E+07   0.688E+06   0.000E+00   0.654E-10
   0.103E+04   0.294E+03   0.836E+08   0.124E+12   0.446E+12   0.768E+11   0.237E+10   0.535E+07   0.967E+06   0.000E+00   0.283E-10
   0.103E+04   0.378E+03   0.752E+08   0.755E+11   0.214E+12   0.331E+11   0.922E+09   0.359E+07   0.137E+07   0.731E-32   0.138E-10
   0.783E+03   0.444E+03   0.695E+08   0.522E+11   0.123E+12   0.173E+11   0.448E+09   0.256E+07   0.207E+07   0.114E-29   0.807E-11
   0.783E+03   0.499E+03   0.643E+08   0.385E+11   0.783E+11   0.101E+11   0.245E+09   0.189E+07   0.314E+07   0.178E-27   0.522E-11
   0.783E+03   0.544E+03   0.595E+08   0.297E+11   0.529E+11   0.635E+10   0.144E+09   0.143E+07   0.462E+07   0.200E-25   0.359E-11
   0.783E+03   0.583E+03   0.554E+08   0.236E+11   0.373E+11   0.420E+10   0.898E+08   0.111E+07   0.651E+07   0.166E-23   0.259E-11
   0.783E+03   0.615E+03   0.518E+08   0.192E+11   0.271E+11   0.290E+10   0.580E+08   0.882E+06   0.876E+07   0.104E-21   0.193E-11
   0.783E+03   0.642E+03   0.488E+08   0.159E+11   0.202E+11   0.206E+10   0.386E+08   0.717E+06   0.112E+08   0.500E-20   0.147E-11
   0.783E+03   0.664E+03   0.462E+08   0.133E+11   0.153E+11   0.151E+10   0.263E+08   0.598E+06   0.137E+08   0.188E-18   0.115E-11
   0.783E+03   0.683E+03   0.439E+08   0.113E+11   0.118E+11   0.112E+10   0.182E+08   0.510E+06   0.161E+08   0.558E-17   0.909E-12
   0.783E+03   0.699E+03   0.419E+08   0.970E+10   0.917E+10   0.842E+09   0.128E+08   0.445E+06   0.182E+08   0.133E-15   0.730E-12
   0.783E+03   0.712E+03   0.401E+08   0.838E+10   0.720E+10   0.641E+09   0.914E+07   0.396E+06   0.198E+08   0.260E-14   0.593E-12
   0.783E+03   0.724E+03   0.385E+08   0.727E+10   0.570E+10   0.493E+09   0.657E+07   0.358E+06   0.209E+08   0.420E-13   0.485E-12
   0.783E+03   0.733E+03   0.370E+08   0.634E+10   0.454E+10   0.381E+09   0.476E+07   0.329E+06   0.215E+08   0.567E-12   0.401E-12
   0.783E+03   0.741E+03   0.356E+08   0.556E+10   0.363E+10   0.297E+09   0.347E+07   0.307E+06   0.216E+08   0.648E-11   0.333E-12
   0.783E+03   0.748E+03   0.344E+08   0.488E+10   0.292E+10   0.232E+09   0.255E+07   0.289E+06   0.213E+08   0.632E-10   0.279E-12
   0.783E+03   0.753E+03   0.332E+08   0.430E+10   0.235E+10   0.182E+09   0.188E+07   0.275E+06   0.206E+08   0.533E-09   0.234E-12
   0.783E+03   0.758E+03   0.321E+08   0.380E+10   0.190E+10   0.143E+09   0.139E+07   0.263E+06   0.197E+08   0.392E-08   0.198E-12
   0.783E+03   0.762E+03   0.311E+08   0.336E+10   0.154E+10   0.113E+09   0.103E+07   0.254E+06   0.186E+08   0.254E-07   0.168E-12
   0.783E+03   0.765E+03   0.301E+08   0.298E+10   0.125E+10   0.891E+08   0.768E+06   0.247E+06   0.174E+08   0.145E-06   0.143E-12
   0.783E+03   0.768E+03   0.292E+08   0.265E+10   0.102E+10   0.706E+08   0.573E+06   0.240E+06   0.162E+08   0.745E-06   0.122E-12
   0.783E+03   0.770E+03   0.283E+08   0.235E+10   0.832E+09   0.560E+08   0.428E+06   0.235E+06   0.150E+08   0.344E-05   0.105E-12
   0.783E+03   0.772E+03   0.275E+08   0.209E+10   0.680E+09   0.445E+08   0.321E+06   0.230E+06   0.138E+08   0.144E-04   0.900E-13
   0.783E+03   0.774E+03   0.267E+08   0.186E+10   0.556E+09   0.354E+08   0.241E+06   0.227E+06   0.126E+08   0.547E-04   0.776E-13
   0.783E+03   0.775E+03   0.259E+08   0.166E+10   0.455E+09   0.281E+08   0.181E+06   0.223E+06   0.115E+08   0.191E-03   0.671E-13
   0.783E+03   0.777E+03   0.252E+08   0.148E+10   0.372E+09   0.224E+08   0.136E+06   0.220E+06   0.105E+08   0.616E-03   0.582E-13
   0.783E+03   0.778E+03   0.244E+08   0.132E+10   0.305E+09   0.179E+08   0.102E+06   0.218E+06   0.953E+07   0.184E-02   0.506E-13
   0.783E+03   0.778E+03   0.237E+08   0.118E+10   0.250E+09   0.143E+08   0.772E+05   0.215E+06   0.865E+07   0.511E-02   0.440E-13
   0.783E+03   0.779E+03   0.231E+08   0.105E+10   0.206E+09   0.114E+08   0.582E+05   0.213E+06   0.784E+07   0.133E-01   0.384E-13
   0.783E+03   0.780E+03   0.224E+08   0.939E+09   0.169E+09   0.910E+07   0.440E+05   0.211E+06   0.711E+07   0.326E-01   0.336E-13
   0.783E+03   0.780E+03   0.218E+08   0.839E+09   0.139E+09   0.728E+07   0.332E+05   0.209E+06   0.644E+07   0.751E-01   0.294E-13
   0.783E+03   0.781E+03   0.212E+08   0.750E+09   0.114E+09   0.582E+07   0.251E+05   0.207E+06   0.583E+07   0.164E+00   0.258E-13
   0.783E+03   0.781E+03   0.206E+08   0.671E+09   0.938E+08   0.466E+07   0.190E+05   0.205E+06   0.527E+07   0.341E+00   0.227E-13
   0.783E+03   0.781E+03   0.200E+08   0.600E+09   0.772E+08   0.373E+07   0.144E+05   0.204E+06   0.477E+07   0.674E+00   0.200E-13
   0.783E+03   0.782E+03   0.195E+08   0.537E+09   0.636E+08   0.299E+07   0.109E+05   0.202E+06   0.432E+07   0.127E+01   0.176E-13
   0.783E+03   0.782E+03   0.189E+08   0.481E+09   0.524E+08   0.239E+07   0.826E+04   0.201E+06   0.391E+07   0.231E+01   0.155E-13
   0.783E+03   0.782E+03   0.184E+08   0.430E+09   0.431E+08   0.192E+07   0.627E+04   0.199E+06   0.354E+07   0.403E+01   0.137E-13
   0.783E+03   0.782E+03   0.179E+08   0.385E+09   0.356E+08   0.154E+07   0.476E+04   0.198E+06   0.321E+07   0.678E+01   0.122E-13
   0.783E+03   0.782E+03   0.174E+08   0.345E+09   0.293E+08   0.123E+07   0.361E+04   0.196E+06   0.291E+07   0.110E+02   0.108E-13
   0.783E+03   0.782E+03   0.170E+08   0.309E+09   0.242E+08   0.990E+06   0.274E+04   0.195E+06   0.263E+07   0.173E+02   0.956E-14
   0.783E+03   0.782E+03   0.165E+08   0.277E+09   0.200E+08   0.795E+06   0.208E+04   0.193E+06   0.239E+07   0.265E+02   0.849E-14
   0.783E+03   0.783E+03   0.161E+08   0.248E+09   0.165E+08   0.639E+06   0.158E+04   0.192E+06   0.217E+07   0.393E+02   0.755E-14
   0.783E+03   0.783E+03   0.156E+08   0.222E+09   0.136E+08   0.513E+06   0.120E+04   0.191E+06   0.196E+07   0.567E+02   0.671E-14
   0.783E+03   0.783E+03   0.152E+08   0.199E+09   0.112E+08   0.412E+06   0.917E+03   0.189E+06   0.178E+07   0.799E+02   0.598E-14
   0.783E+03   0.783E+03   0.148E+08   0.179E+09   0.928E+07   0.332E+06   0.698E+03   0.188E+06   0.162E+07   0.110E+03   0.533E-14
   0.783E+03   0.783E+03   0.144E+08   0.160E+09   0.767E+07   0.267E+06   0.532E+03   0.187E+06   0.147E+07   0.148E+03   0.476E-14
   0.783E+03   0.783E+03   0.140E+08   0.144E+09   0.634E+07   0.215E+06   0.405E+03   0.185E+06   0.133E+07   0.196E+03   0.425E-14
   0.783E+03   0.783E+03   0.136E+08   0.129E+09   0.524E+07   0.173E+06   0.309E+03   0.184E+06   0.121E+07   0.254E+03   0.380E-14
   0.783E+03   0.783E+03   0.133E+08   0.116E+09   0.434E+07   0.139E+06   0.235E+03   0.183E+06   0.110E+07   0.323E+03   0.340E-14
   0.783E+03   0.783E+03   0.129E+08   0.104E+09   0.359E+07   0.112E+06   0.180E+03   0.182E+06   0.100E+07   0.405E+03   0.304E-14
   0.783E+03   0.783E+03   0.126E+08   0.932E+08   0.297E+07   0.902E+05   0.137E+03   0.180E+06   0.909E+06   0.499E+03   0.272E-14
   0.783E+03   0.783E+03   0.122E+08   0.837E+08   0.246E+07   0.727E+05   0.105E+03   0.179E+06   0.826E+06   0.606E+03   0.244E-14
   0.783E+03   0.783E+03   0.119E+08   0.751E+08   0.204E+07   0.586E+05   0.799E+02   0.178E+06   0.751E+06   0.725E+03   0.219E-14
   0.783E+03   0.783E+03   0.116E+08   0.674E+08   0.169E+07   0.472E+05   0.611E+02   0.177E+06   0.683E+06   0.858E+03   0.197E-14
   0.783E+03   0.783E+03   0.113E+08   0.606E+08   0.140E+07   0.381E+05   0.467E+02   0.176E+06   0.622E+06   0.100E+04   0.177E-14
   0.783E+03   0.783E+03   0.110E+08   0.544E+08   0.116E+07   0.307E+05   0.357E+02   0.174E+06   0.566E+06   0.116E+04   0.159E-14
   0.783E+03   0.783E+03   0.107E+08   0.489E+08   0.960E+06   0.248E+05   0.273E+02   0.173E+06   0.515E+06   0.132E+04   0.143E-14
   0.783E+03   0.783E+03   0.104E+08   0.439E+08   0.796E+06   0.200E+05   0.209E+02   0.172E+06   0.468E+06   0.150E+04   0.128E-14
   0.783E+03   0.783E+03   0.101E+08   0.395E+08   0.661E+06   0.162E+05   0.160E+02   0.171E+06   0.427E+06   0.168E+04   0.116E-14
   0.783E+03   0.783E+03   0.987E+07   0.355E+08   0.548E+06   0.131E+05   0.123E+02   0.170E+06   0.388E+06   0.187E+04   0.104E-14
   0.783E+03   0.783E+03   0.961E+07   0.319E+08   0.455E+06   0.106E+05   0.940E+01   0.169E+06   0.354E+06   0.207E+04   0.941E-15
   0.783E+03   0.783E+03   0.936E+07   0.287E+08   0.378E+06   0.854E+04   0.720E+01   0.168E+06   0.322E+06   0.226E+04   0.850E-15
   0.783E+03   0.783E+03   0.911E+07   0.258E+08   0.314E+06   0.691E+04   0.552E+01   0.166E+06   0.294E+06   0.246E+04   0.768E-15
   0.783E+03   0.783E+03   0.887E+07   0.232E+08   0.260E+06   0.559E+04   0.424E+01   0.165E+06   0.267E+06   0.266E+04   0.694E-15
   0.783E+03   0.783E+03   0.864E+07   0.209E+08   0.216E+06   0.452E+04   0.325E+01   0.164E+06   0.244E+06   0.285E+04   0.628E-15
   0.783E+03   0.783E+03   0.842E+07   0.188E+08   0.180E+06   0.366E+04   0.250E+01   0.163E+06   0.222E+06   0.304E+04   0.568E-15
   0.783E+03   0.783E+03   0.820E+07   0.169E+08   0.150E+06   0.296E+04   0.192E+01   0.162E+06   0.203E+06   0.323E+04   0.515E-15
   0.783E+03   0.783E+03   0.799E+07   0.152E+08   0.124E+06   0.240E+04   0.147E+01   0.161E+06   0.184E+06   0.341E+04   0.467E-15
   0.783E+03   0.783E+03   0.778E+07   0.137E+08   0.103E+06   0.194E+04   0.113E+01   0.160E+06   0.168E+06   0.359E+04   0.424E-15
   0.783E+03   0.783E+03   0.758E+07   0.123E+08   0.861E+05   0.158E+04   0.871E+00   0.159E+06   0.153E+06   0.375E+04   0.385E-15
   0.783E+03   0.783E+03   0.738E+07   0.111E+08   0.716E+05   0.128E+04   0.670E+00   0.158E+06   0.140E+06   0.391E+04   0.350E-15
   0.783E+03   0.783E+03   0.719E+07   0.999E+07   0.596E+05   0.104E+04   0.516E+00   0.157E+06   0.128E+06   0.406E+04   0.319E-15
   0.783E+03   0.783E+03   0.700E+07   0.900E+07   0.496E+05   0.840E+03   0.397E+00   0.156E+06   0.117E+06   0.420E+04   0.291E-15
   0.783E+03   0.783E+03   0.682E+07   0.810E+07   0.414E+05   0.682E+03   0.306E+00   0.155E+06   0.106E+06   0.433E+04   0.265E-15
   0.783E+03   0.783E+03   0.665E+07   0.730E+07   0.345E+05   0.554E+03   0.236E+00   0.154E+06   0.971E+05   0.444E+04   0.242E-15
   0.783E+03   0.783E+03   0.648E+07   0.658E+07   0.287E+05   0.449E+03   0.182E+00   0.153E+06   0.886E+05   0.455E+04   0.221E-15
   0.783E+03   0.783E+03   0.631E+07   0.593E+07   0.239E+05   0.365E+03   0.140E+00   0.152E+06   0.809E+05   0.465E+04   0.203E-15
   0.783E+03   0.783E+03   0.615E+07   0.534E+07   0.200E+05   0.297E+03   0.108E+00   0.151E+06   0.739E+05   0.474E+04   0.186E-15
   0.783E+03   0.783E+03   0.599E+07   0.482E+07   0.166E+05   0.241E+03   0.833E-01   0.150E+06   0.675E+05   0.481E+04   0.170E-15
   0.783E+03   0.783E+03   0.584E+07   0.434E+07   0.139E+05   0.196E+03   0.643E-01   0.149E+06   0.616E+05   0.488E+04   0.156E-15
   0.783E+03   0.783E+03   0.569E+07   0.392E+07   0.116E+05   0.159E+03   0.496E-01   0.148E+06   0.563E+05   0.494E+04   0.144E-15
   0.783E+03   0.783E+03   0.554E+07   0.353E+07   0.967E+04   0.130E+03   0.383E-01   0.147E+06   0.514E+05   0.499E+04   0.133E-15
   0.783E+03   0.783E+03   0.540E+07   0.319E+07   0.807E+04   0.105E+03   0.296E-01   0.146E+06   0.470E+05   0.503E+04   0.122E-15
   0.783E+03   0.783E+03   0.527E+07   0.287E+07   0.674E+04   0.858E+02   0.229E-01   0.145E+06   0.429E+05   0.506E+04   0.113E-15
   0.783E+03   0.783E+03   0.513E+07   0.259E+07   0.563E+04   0.699E+02   0.177E-01   0.144E+06   0.392E+05   0.508E+04   0.104E-15
   0.783E+03   0.783E+03   0.500E+07   0.234E+07   0.471E+04   0.569E+02   0.137E-01   0.143E+06   0.359E+05   0.510E+04   0.967E-16
   0.783E+03   0.783E+03   0.488E+07   0.211E+07   0.393E+04   0.463E+02   0.106E-01   0.142E+06   0.328E+05   0.510E+04   0.897E-16
   0.783E+03   0.783E+03   0.475E+07   0.191E+07   0.329E+04   0.378E+02   0.821E-02   0.141E+06   0.300E+05   0.510E+04   0.833E-16
   0.783E+03   0.783E+03   0.463E+07   0.172E+07   0.275E+04   0.308E+02   0.636E-02   0.141E+06   0.274E+05   0.510E+04   0.775E-16
   0.783E+03   0.783E+03   0.452E+07   0.155E+07   0.230E+04   0.251E+02   0.493E-02   0.140E+06   0.251E+05   0.509E+04   0.722E-16
   0.783E+03   0.783E+03   0.440E+07   0.140E+07   0.192E+04   0.205E+02   0.382E-02   0.139E+06   0.229E+05   0.507E+04   0.674E-16
   0.783E+03   0.783E+03   0.429E+07   0.127E+07   0.161E+04   0.167E+02   0.296E-02   0.138E+06   0.210E+05   0.505E+04   0.630E-16
   0.783E+03   0.783E+03   0.418E+07   0.115E+07   0.135E+04   0.136E+02   0.230E-02   0.137E+06   0.192E+05   0.502E+04   0.589E-16
   0.783E+03   0.783E+03   0.408E+07   0.103E+07   0.113E+04   0.111E+02   0.178E-02   0.136E+06   0.176E+05   0.499E+04   0.553E-16
   0.783E+03   0.783E+03   0.398E+07   0.935E+06   0.945E+03   0.908E+01   0.138E-02   0.135E+06   0.161E+05   0.495E+04   0.519E-16
   0.783E+03   0.783E+03   0.388E+07   0.845E+06   0.792E+03   0.742E+01   0.107E-02   0.134E+06   0.147E+05   0.491E+04   0.488E-16
   0.783E+03   0.783E+03   0.378E+07   0.764E+06   0.663E+03   0.606E+01   0.834E-03   0.134E+06   0.135E+05   0.487E+04   0.460E-16
   0.783E+03   0.783E+03   0.369E+07   0.691E+06   0.556E+03   0.495E+01   0.648E-03   0.133E+06   0.123E+05   0.483E+04   0.434E-16
