# FAST Attitude code version = 1.0
# Space craft ID = FAST
# Sequence number = 00150
# Start time = 96 001  11:00:0.000
# Stop time = 96 001  11:20:0.000
# Attitude data level = 0
# Data Resolution = 60
# Attitude Spin Freq Func Ver = 1
# Attitude Spin Freq Func Desc = [ PHI = SPIN_PHASE + DT*(SPIN_FREQ + DT*(SPIN_PARM
# Attitude Spin Freq Func Desc = B + DT*(SPIN_PARMC + DT*SPIN_PARMD))) ]
TIME          SPIN_RA       SPIN_DEC      SPIN_PHAS     SPIN_FREQ     SPIN_PARMB    SPIN_PARMC    SPIN_PARMD    SC_PITCH      SC_ROLL       
0             90            -7            -98.4         72            0             0             0             0             0             
60            89.9987       -6.99995      -98.4         72            0             0             0             0             0             
120           89.9975       -6.99981      -98.4         72            0             0             0             0             0             
180           89.9963       -6.99959      -98.4         72            0             0             0             0             0             
240           89.9952       -6.99928      -98.4         72            0             0             0             0             0             
300           89.9941       -6.99891      -98.4         72            0             0             0             0             0             
360           89.9931       -6.99848      -98.4         72            0             0             0             0             0             
420           89.9922       -6.998        -98.4         72            0             0             0             0             0             
480           89.9914       -6.99749      -98.4         72            0             0             0             0             0             
540           89.9906       -6.99697      -98.4         72            0             0             0             0             0             
600           89.99         -6.99643      -98.4         72            0             0             0             0             0             
660           89.9894       -6.99591      -98.4         72            0             0             0             0             0             
720           89.989        -6.9954       -98.4         72            0             0             0             0             0             
780           89.9886       -6.99492      -98.4         72            0             0             0             0             0             
840           89.9883       -6.99448      -98.4         72            0             0             0             0             0             
900           89.988        -6.99407      -98.4         72            0             0             0             0             0             
960           89.9878       -6.9937       -98.4         72            0             0             0             0             0             
1020          89.9877       -6.99338      -98.4         72            0             0             0             0             0             
1080          89.9876       -6.99311      -98.4         72            0             0             0             0             0             
1140          89.9875       -6.99289      -98.4         72            0             0             0             0             0             
1200          89.9875       -6.99271      -98.4         72            0             0             0             0             0             
