 2015.000 Lat  74.690 geodetic   Long  265.180   597.000 km                     
               D =  -14 deg   0 min    SV =       1 min/yr
               I =   86 deg  41 min    SV =      -4 min/yr
               H =    2587 nT          SV =      54 nT/yr
               X =    2510 nT          SV =      52 nT/yr
               Y =    -626 nT          SV =     -13 nT/yr
               Z =   44599 nT          SV =     -22 nT/yr
               F =   44674 nT          SV =     -19 nT/yr

Lat  74.690 geodetic    Long  265.180   597.000 km                     
   DATE       D   SV      I  SV      H    SV       X    SV       Y    SV       Z    SV      F    SV
 1900.5 -104.96  138  89.76   0    193     2     -50     7    -186    -4   46319   -10  46319   -10
 1901.5 -102.69  135  89.76   0    195     3     -43     7    -190    -4   46309   -10  46309   -10
 1902.5 -100.47  131  89.76   0    198     3     -36     7    -194    -4   46299   -10  46299   -10
 1903.5  -98.32  127  89.75   0    201     3     -29     7    -199    -4   46289   -10  46289   -10
 1904.5  -96.24  123  89.75   0    204     3     -22     7    -203    -4   46279   -10  46279   -10
 1905.5  -94.45   92  89.74   0    207     3     -16     5    -207    -4   46260   -27  46261   -27
 1906.5  -92.94   89  89.74   0    211     3     -11     5    -210    -4   46233   -27  46234   -27
 1907.5  -91.48   86  89.73   0    214     3      -6     5    -214    -4   46206   -27  46206   -27
 1908.5  -90.07   83  89.73   0    218     4       0     5    -218    -4   46179   -27  46179   -27
 1909.5  -88.70   81  89.73   0    221     4       5     5    -221    -4   46151   -27  46152   -27
 1910.5  -86.76  153  89.72   0    224     3      13    10    -224    -2   46115   -45  46116   -45
 1911.5  -84.24  149  89.72   0    227     3      23    10    -226    -2   46070   -45  46071   -45
 1912.5  -81.80  145  89.71   0    231     4      33    10    -228    -2   46025   -45  46026   -45
 1913.5  -79.43  140  89.71   0    234     4      43    10    -230    -2   45980   -45  45981   -45
 1914.5  -77.13  135  89.70   0    238     4      53    10    -232    -2   45935   -45  45936   -45
 1915.5  -74.57  172  89.70   0    243     4      65    13    -234    -1   45888   -49  45889   -49
 1916.5  -71.76  165  89.69   0    248     5      77    13    -235    -1   45840   -49  45840   -49
 1917.5  -69.06  158  89.68   0    253     6      90    13    -236    -1   45791   -49  45792   -49
 1918.5  -66.48  151  89.68   0    259     6     103    13    -237    -1   45743   -49  45743   -49
 1919.5  -64.02  144  89.67  -1    265     7     116    13    -238    -1   45694   -49  45695   -49
 1920.5  -61.48  159  89.66  -1    275    13     131    17    -241    -5   45650   -39  45651   -39
 1921.5  -58.95  145  89.64  -1    288    13     148    17    -247    -5   45611   -39  45612   -39
 1922.5  -56.64  132  89.62  -1    301    14     166    17    -252    -5   45572   -39  45573   -39
 1923.5  -54.54  120  89.60  -1    316    14     183    17    -257    -5   45533   -39  45534   -39
 1924.5  -52.62  110  89.58  -1    330    15     200    17    -262    -5   45494   -39  45495   -39
 1925.5  -50.80  108  89.56  -1    346    17     218    19    -268    -6   45452   -43  45454   -43
 1926.5  -49.09   98  89.54  -1    362    17     237    19    -274    -6   45409   -43  45410   -43
 1927.5  -47.52   90  89.52  -1    379    17     256    19    -280    -6   45365   -43  45367   -43
 1928.5  -46.10   82  89.50  -1    397    17     275    19    -286    -6   45322   -43  45324   -43
 1929.5  -44.79   75  89.48  -1    414    18     294    19    -292    -6   45278   -43  45280   -43
 1930.5  -43.45   86  89.45  -1    432    17     314    20    -297    -4   45238   -37  45240   -37
 1931.5  -42.07   79  89.43  -1    450    18     334    20    -301    -4   45201   -37  45203   -37
 1932.5  -40.81   73  89.41  -1    467    18     354    20    -305    -4   45164   -37  45167   -37
 1933.5  -39.63   68  89.38  -1    485    18     374    20    -310    -4   45127   -37  45130   -37
 1934.5  -38.54   63  89.36  -1    504    18     394    20    -314    -4   45090   -37  45093   -37
 1935.5  -37.46   66  89.34  -1    521    16     413    19    -317    -2   45061   -21  45064   -21
 1936.5  -36.40   62  89.32  -1    536    16     432    19    -318    -2   45040   -21  45043   -21
 1937.5  -35.39   59  89.30  -1    552    16     450    19    -320    -2   45019   -21  45022   -21
 1938.5  -34.44   55  89.28  -1    569    16     469    19    -321    -2   44998   -21  45002   -21
 1939.5  -33.54   52  89.26  -1    585    16     487    19    -323    -2   44977   -21  44981   -21
 1940.5  -32.58   62  89.23  -1    602    19     507    21    -324    -1   44966    -1  44970    -1
 1941.5  -31.58   58  89.21  -1    621    19     529    21    -325    -1   44964    -1  44969    -1
 1942.5  -30.64   55  89.18  -1    640    19     550    21    -326    -1   44963    -1  44968    -1
 1943.5  -29.75   52  89.16  -1    659    19     572    21    -327    -1   44962    -1  44967    -1
 1944.5  -28.91   49  89.14  -1    678    19     593    21    -328    -1   44961    -1  44966    -1
 1945.5  -28.15   43  89.11  -1    696    17     614    19    -328     0   44963     6  44968     6
 1946.5  -27.44   41  89.09  -1    714    17     633    19    -329     0   44969     6  44975     6
 1947.5  -26.77   39  89.07  -1    731    18     653    19    -329     0   44975     6  44981     6
 1948.5  -26.13   38  89.05  -1    749    18     672    19    -330     0   44981     6  44987     6
 1949.5  -25.51   36  89.02  -1    767    18     692    19    -330     0   44987     6  44993     6
 1950.5  -24.95   32  89.00  -1    783    16     710    17    -330     0   44989    -1  44996    -1
 1951.5  -24.43   31  88.98  -1    799    16     728    17    -331     0   44987    -1  44994    -1
 1952.5  -23.93   29  88.96  -1    815    16     745    17    -331     0   44986    -1  44993    -1
 1953.5  -23.45   28  88.94  -1    831    16     763    17    -331     0   44985    -1  44992    -1
 1954.5  -22.99   27  88.92  -1    847    16     780    17    -331     0   44983    -1  44991    -1
 1955.5  -22.46   36  88.91   0    859     7     794    10    -328     6   44993    21  45001    21
 1956.5  -21.86   36  88.90   0    865     7     803    10    -322     6   45014    21  45022    21
 1957.5  -21.27   35  88.89   0    872     7     813    10    -316     6   45035    21  45044    21
 1958.5  -20.69   35  88.88   0    879     7     822    10    -311     6   45056    21  45065    21
 1959.5  -20.12   34  88.87  -1    886     7     832    10    -305     6   45077    21  45086    21
 1960.5  -19.64   23  88.86  -1    895    11     843    12    -301     2   45089     2  45098     2
 1961.5  -19.27   22  88.85  -1    906    11     856    12    -299     2   45091     2  45100     2
 1962.5  -18.90   22  88.83  -1    918    11     868    12    -297     2   45092     2  45102     2
 1963.5  -18.55   21  88.82  -1    929    11     881    12    -295     2   45094     2  45104     2
 1964.5  -18.20   21  88.81  -1    940    11     893    12    -294     2   45096     2  45106     2
 1965.5  -17.74   35  88.79  -1    950     8     904    10    -289     7   45110    26  45120    26
 1966.5  -17.15   35  88.78  -1    957     8     915    10    -282     7   45135    26  45145    26
 1967.5  -16.58   34  88.78  -1    965     8     925    10    -275     7   45161    26  45171    26
 1968.5  -16.02   33  88.77  -1    973     8     935    10    -269     7   45186    26  45197    26
 1969.5  -15.47   33  88.76  -1    981     8     946    10    -262     7   45212    26  45223    26
 1970.5  -14.94   30  88.75  -1    991    11     957    13    -255     6   45238    26  45249    26
 1971.5  -14.44   30  88.73  -1   1001    11     970    13    -250     6   45264    26  45275    26
 1972.5  -13.95   29  88.72  -1   1012    11     982    13    -244     6   45290    26  45301    26
 1973.5  -13.47   28  88.71  -1   1023    11     995    13    -238     6   45316    26  45328    26
 1974.5  -13.00   28  88.69  -1   1034    11    1008    13    -233     6   45342    26  45354    26
 1975.5  -12.88  -13  88.67  -2   1053    26    1026    25    -235   -10   45354    -3  45366    -3
 1976.5  -13.08  -12  88.64  -2   1079    26    1051    25    -244   -10   45350    -3  45363    -3
 1977.5  -13.28  -11  88.60  -2   1105    26    1075    25    -254   -10   45347    -3  45360    -3
 1978.5  -13.46  -11  88.57  -2   1131    26    1100    25    -263   -10   45344    -3  45358    -3
 1979.5  -13.64  -10  88.54  -2   1157    26    1124    25    -273   -10   45340    -3  45355    -3
 1980.5  -13.85  -15  88.51  -2   1180    21    1146    19    -283   -10   45327   -23  45343   -23
 1981.5  -14.10  -15  88.48  -2   1201    21    1165    19    -293   -10   45304   -23  45320   -23
 1982.5  -14.34  -14  88.45  -2   1221    21    1183    19    -303   -10   45281   -23  45297   -23
 1983.5  -14.57  -14  88.43  -2   1242    21    1202    19    -313   -10   45258   -23  45275   -23
 1984.5  -14.80  -13  88.40  -2   1263    21    1221    19    -322   -10   45235   -23  45252   -23
 1985.5  -14.92   -2  88.37  -2   1285    24    1241    23    -331    -7   45208   -30  45227   -29
 1986.5  -14.95   -2  88.34  -2   1308    24    1264    23    -337    -7   45179   -30  45198   -29
 1987.5  -14.98   -2  88.31  -2   1332    24    1287    23    -344    -7   45149   -30  45169   -29
 1988.5  -15.00   -2  88.28  -2   1355    24    1309    23    -351    -7   45119   -30  45140   -29
 1989.5  -15.03   -1  88.25  -2   1379    24    1332    23    -357    -7   45090   -30  45111   -29
 1990.5  -15.01    3  88.21  -2   1406    30    1358    29    -364    -7   45064   -22  45086   -21
 1991.5  -14.97    3  88.17  -2   1436    30    1387    29    -371    -7   45041   -22  45064   -21
 1992.5  -14.92    3  88.14  -2   1466    30    1416    29    -377    -7   45019   -22  45043   -21
 1993.5  -14.87    3  88.10  -2   1496    30    1446    29    -384    -7   44997   -22  45022   -21
 1994.5  -14.83    3  88.06  -2   1526    30    1475    29    -391    -7   44975   -22  45001   -21
 1995.5  -14.76    5  88.01  -4   1564    47    1513    46    -399   -10   44954   -20  44981   -18
 1996.5  -14.68    5  87.95  -4   1611    47    1559    46    -408   -10   44934   -20  44963   -18
 1997.5  -14.59    5  87.89  -4   1658    47    1605    46    -418   -10   44914   -20  44945   -18
 1998.5  -14.51    5  87.82  -4   1706    47    1651    46    -427   -10   44894   -20  44927   -18
 1999.5  -14.44    4  87.76  -4   1753    47    1697    46    -437   -10   44874   -20  44908   -18
 2000.5  -14.38    2  87.70  -4   1803    55    1747    53    -448   -12   44858   -12  44895   -10
 2001.5  -14.35    2  87.63  -4   1858    55    1800    53    -460   -12   44846   -12  44885   -10
 2002.5  -14.31    2  87.56  -4   1913    55    1853    53    -473   -12   44834   -12  44875   -10
 2003.5  -14.28    2  87.49  -4   1967    55    1906    53    -485   -12   44822   -12  44865   -10
 2004.5  -14.24    2  87.42  -4   2022    55    1960    53    -497   -12   44810   -12  44856   -10
 2005.5  -14.21    2  87.35  -4   2076    54    2012    53    -510   -12   44794   -19  44842   -17
 2006.5  -14.18    2  87.28  -4   2130    54    2065    53    -522   -12   44775   -19  44826   -17
 2007.5  -14.14    2  87.21  -4   2184    54    2118    53    -534   -12   44756   -19  44809   -16
 2008.5  -14.11    2  87.14  -4   2238    54    2170    53    -546   -12   44737   -19  44793   -16
 2009.5  -14.08    2  87.07  -4   2292    54    2223    53    -558   -12   44718   -19  44777   -16
 2010.5  -14.06    1  87.00  -4   2346    54    2275    52    -570   -13   44698   -22  44759   -19
 2011.5  -14.05    1  86.93  -4   2399    54    2328    52    -582   -13   44676   -22  44740   -19
 2012.5  -14.04    1  86.86  -4   2453    54    2380    52    -595   -13   44654   -22  44721   -19
 2013.5  -14.02    1  86.79  -4   2507    54    2432    52    -607   -13   44632   -22  44702   -19
 2014.5  -14.01    1  86.72  -4   2560    54    2484    52    -620   -13   44610   -22  44684   -19

 D is declination in degrees (+ve east)
 I is inclination in degrees (+ve down)
 H is horizontal intensity in nT
 X is north component in nT
 Y is east component in nT
 Z is vertical component in nT (+ve down)
 F is total intensity in nT
 SV is secular variation (annual rate of change)
 Units for SV: minutes/yr (D & I); nT/yr (H,X,Y,Z & F)
