# For SCCS:
#  @(#)FastDSPmodes.dta	1.14, 04/07/00
#
Version:  1
#
# Translation table
#
# NOTE!!  It is expected that the first 3 letters of the name will be "Dsp",
#         followed by 3 or 4 letters for the data type:  ADC, HSBM, WPC, BBF,
#         or HFQ
#
# -----------------
#      	0	OFF
qty: 	1	DspADC_V1
qty: 	2	DspADC_V5
qty: 	3	DspADC_V4
qty: 	4	DspADC_V8
qty: 	5	DspADC_V2
qty: 	6	DspADC_V3
qty: 	7	DspADC_V6
qty: 	8	DspADC_V7
qty: 	11	DspADC_V1-V4
qty: 	12	DspADC_V5-V8
qty: 	13	DspADC_V9-V10
qty: 	14	DspADC_Mag3ac
qty: 	15	DspADC_V1-V2
qty: 	16	DspADC_V3-V4
qty: 	17	DspADC_V5-V6
qty: 	18	DspADC_V7-V8
qty: 	21	DspADC_V1-V4HG
qty: 	22	DspADC_V5-V8HG
qty: 	25	DspADC_V1-V2HG
qty: 	26	DspADC_V3-V4HG
qty: 	35	DspADC_Ne2
qty: 	36	DspADC_Ne3
qty: 	37	DspADC_Ne6
qty: 	38	DspADC_Ne7
qty: 	62	DspADC_V12TRK
qty: 	64	DspADC_V14TRK
qty: 	69	DspADC_V910TRK
qty: 	109	DspHSBM_V1-V4
qty: 	110	DspHSBM_V5-V8
qty: 	111	DspHSBM_Mag3ac
qty: 	112	DspHSBM_V9-V10
qty: 	209	DspHSBM_V1-V2
qty: 	210	DspHSBM_V7-V8
qty: 	211	DspHSBM_V5-V6
qty: 	212	DspHSBM_V3-V4


# modes
001: 21 22 13 14 0 0 0 0 109 110 111 112 0 0 0 0
002: 21 22 13 14 25 26 0 0 0 0 0 0 0 0 0 0
003: 21 22 13 14 25 26 0 0 0 0 0 0 0 0 0 0
004: 21 22 69 14 25 26 0 13 0 0 0 0 0 0 0 0
005: 21 22 69 14 25 26 0 13 0 0 0 0 0 0 0 0
006: 11 12 13 14 15 16 0 0 0 0 0 0 0 0 0 0
007: 11 12 13 14 15 16 0 0 0 0 0 0 0 0 0 0
008: 11 12 13 14 15 16 0 0 0 0 0 0 0 0 0 0
009: 11 12 13 14 15 16 0 0 0 0 0 0 0 0 0 0
010: 11 12 13 14 15 16 0 0 109 110 111 112 0 0 0 0
011: 11 12 64 14 15 16 0 13 0 0 0 0 0 0 0 0
018: 21 22 13 64 25 14 0 0 0 0 0 0 0 0 0 0
019: 21 22 13 64 25 14 0 0 0 0 0 0 0 0 0 0
021: 21 22 13 64 25 14 0 0 0 0 0 0 0 0 0 0
022: 21 22 13 64 25 14 0 0 0 0 0 0 0 0 0 0
023: 21 22 13 64 25 14 0 0 0 0 0 0 0 0 0 0
024: 0 22 0 64 0 0 0 0 0 0 0 0 0 0 0 0
025:  0 22  0 64 25 14 0 0 0 0 0 0 0 0 0 0
026:  0 22  0 64 25 14 0 0 0 0 0 0 0 0 0 0
029: 21 22 13 64 25 14 0 0 0 0 0 0 0 0 0 0
030: 21 22 13 64 25 14 0 0 0 0 0 0 0 0 0 0
031: 21 22 13 64 25 14 0 0 0 0 0 0 0 0 0 0
032: 0 0 0 0 0 0 0 0 0 0 0 0 0 0 0 0
033: 11 12 13 64 4 14 0 0 0 0 0 0 0 0 0 0
034: 11 12 13 64 4 14 0 0 0 0 0 0 0 0 0 0
035: 11 12 13 64  3 14 0 0 0 0 0 0 0 0 0 0
036: 11 12  0  0  0 14 0 18 0 0 0 0 0 0 0 0
037: 11 12  0 64  0 14 0  0 0 0 0 0 0 0 0 0
040: 21 22  0  0 25 14 0  0 0 0 0 0 0 0 0 0
041: 21 22  0 64  0 14 0  0 0 0 0 0 0 0 0 0
043: 21 22  0 64  0 14 0  0 0 0 0 0 0 0 0 0
044: 21 22  0  0 25 14 0  0 109 110 111 112 0 0 0 0
045: 21 22  0 64 25 14 0  0 109 110 111 112 0 0 0 0
048: 21 22 13 64 25 14 0 0 0 0 0 0 0 0 0 0
049: 21 22 13 64 25 14 0 0 0 0 0 0 0 0 0 0
050: 21 22 13 64 25 14 0 0 0 0 0 0 0 0 0 0
051: 21 22 13 64 25 14 0 0 0 0 0 0 0 0 0 0
053: 21 22 13 64 25 14 0 0 0 0 0 0 0 0 0 0
054: 21 22 13 64 25 14 0 0 0 0 0 0 0 0 0 0
055: 21 22 13 64 25 14 0 0 0 0 0 0 0 0 0 0
064: 1 12 13 4 0 14 17 18 0 0 0 0 0 0 0 0
065: 1 12 13 4 0 14 17 18 0 0 0 0 0 0 0 0
066: 1 12 13 4 0 14 17 18 0 0 0 0 0 0 0 0
067: 1 12 13 4 0 14 17 18 0 0 0 0 0 0 0 0
128: 0 12 64 0 15 14 17 18 0 0 0 0 0 0 0 0
129: 0 12 64 0 15 14 17 18 0 0 0 0 0 0 0 0
130: 11 12 3 14 15 16 17 18 0 0 0 0 0 0 0 0
131: 11 12 3 14 15 16 17 18 0 0 0 0 0 0 0 0
132: 11 12 64 4 15 14 17 18 0 0 0 0 0 0 0 0
196: 1 2 3 4 5 6 7 8 0 0 0 0 0 0 0 0
200: 21 22 0 0 0 14 0 13 0 0 0 0 0 0 0 0
201: 21 22 0 0 0 14 0 13 0 0 0 0 0 0 0 0
224: 1 0 0 0 5 14 0 13 0 0 0 0 0 0 0 0
225: 1 0 0 0 5 14 0 13 0 0 0 0 0 0 0 0
249: 0 0 0 0 0 0 0 0 0 0 0 0 0 0 0 0
253: 0 0 0 0 0 0 0 0 0 0 0 0 0 0 0 0
254: 0 0 0 0 0 0 0 0 0 0 0 0 0 0 0 0
255: 0 0 0 0 0 0 0 0 0 0 0 0 0 0 0 0
