# FAST Attitude code version = 0.1
# Space craft ID = FAST
# Sequence number = 0
# Start time = 93 305  19:24:10.000
# Stop time = 93 305  21:38:9.999
# Attitude data level = 0
# Data Resolution = 16
# Attitude Spin Freq Func Ver = 1
# Attitude Spin Freq Func Desc = [ PHI = SPIN_PHASE + DT*(SPIN_FREQ + DT*(SPIN_PARM
# Attitude Spin Freq Func Desc = B + DT*(SPIN_PARMC + DT*SPIN_PARMD))) ]
TIME          SPIN_RA       SPIN_DEC      SPIN_PHAS     SPIN_FREQ     SPIN_PARMB    SPIN_PARMC    SPIN_PARMD    SC_PITCH      SC_ROLL       
0             89.9871       -6.99194      -98.4         71.5          0             0             0             0             0             
60            89.9871       -6.99195      -98.3966      72            0             0             0             0             0             
120           89.9871       -6.99198      -98.3751      72            0             0             0             0             0             
180           89.9871       -6.99204      -98.3751      72            0             0             0             0             0             
240           89.9871       -6.99213      -98.3751      72            0             0             0             0             0             
300           89.9871       -6.99224      -98.3751      72            0             0             0             0             0             
360           89.987        -6.99237      -98.3751      72            0             0             0             0             0             
420           89.987        -6.99251      -98.3751      72            0             0             0             0             0             
480           89.9869       -6.99267      -98.3751      72            0             0             0             0             0             
540           89.9868       -6.99285      -98.3751      72            0             0             0             0             0             
600           89.9868       -6.99303      -98.3751      72            0             0             0             0             0             
660           89.9867       -6.99322      -98.3751      72            0             0             0             0             0             
720           89.9865       -6.99342      -98.3751      72            0             0             0             0             0             
780           89.9864       -6.99362      -98.3751      72            0             0             0             0             0             
840           89.9863       -6.99382      -98.3751      72            0             0             0             0             0             
900           89.9861       -6.99403      -98.3751      72            0             0             0             0             0             
960           89.986        -6.99423      -98.3751      72            0             0             0             0             0             
1020          89.9858       -6.99442      261.553       72            0             0             0             0             0             
1080          89.9856       -6.99463      261.553       72            0             0             0             0             0             
1140          89.9854       -6.99483      261.553       72            0             0             0             0             0             
1200          89.9852       -6.99502      261.553       72            0             0             0             0             0             
1260          89.985        -6.99521      261.553       72            0             0             0             0             0             
1320          89.9847       -6.9954       261.553       72            0             0             0             0             0             
1380          89.9845       -6.99558      261.553       72            0             0             0             0             0             
1440          89.9843       -6.99576      261.553       72            0             0             0             0             0             
1500          89.984        -6.9959       261.553       72            0             0             0             0             0             
1560          89.9838       -6.9961       261.553       72            0             0             0             0             0             
1620          89.9835       -6.9962       261.553       72            0             0             0             0             0             
1680          89.9832       -6.99638      261.553       72            0             0             0             0             0             
1740          89.9829       -6.99652      261.553       72            0             0             0             0             0             
1800          89.9826       -6.99661      261.553       72            0             0             0             0             0             
1860          89.9824       -6.99676      261.553       72            0             0             0             0             0             
1920          89.9821       -6.99686      261.553       72            0             0             0             0             0             
1980          89.9818       -6.99697      261.553       72            0             0             0             0             0             
2040          89.9814       -6.99704      261.553       72            0             0             0             0             0             
2100          89.9811       -6.99713      261.553       72            0             0             0             0             0             
2160          89.9808       -6.99721      261.553       72            0             0             0             0             0             
2220          89.9805       -6.9973       261.553       72            0             0             0             0             0             
2280          89.9802       -6.99728      261.553       72            0             0             0             0             0             
2340          89.9799       -6.99733      261.553       72            0             0             0             0             0             
2400          89.9796       -6.99735      261.553       72            0             0             0             0             0             
2460          89.9792       -6.99738      261.553       72            0             0             0             0             0             
2520          89.9789       -6.99744      261.553       72            0             0             0             0             0             
2580          89.9786       -6.99741      261.553       72            0             0             0             0             0             
2640          89.9783       -6.9974       261.553       72            0             0             0             0             0             
2700          89.978        -6.99742      261.553       72            0             0             0             0             0             
2760          89.9776       -6.9974       261.553       72            0             0             0             0             0             
2820          89.9773       -6.9973       261.553       72            0             0             0             0             0             
2880          89.977        -6.99728      261.553       72            0             0             0             0             0             
2940          89.9767       -6.99728      261.553       72            0             0             0             0             0             
3000          89.9764       -6.99718      261.553       72            0             0             0             0             0             
3060          89.9761       -6.99711      261.553       72            0             0             0             0             0             
3120          89.9757       -6.997        261.553       72            0             0             0             0             0             
3180          89.9754       -6.99693      261.553       72            0             0             0             0             0             
3240          89.9751       -6.99681      261.553       72            0             0             0             0             0             
3300          89.9748       -6.9967       261.553       72            0             0             0             0             0             
3360          89.9745       -6.99659      261.553       72            0             0             0             0             0             
3420          89.9742       -6.99647      261.553       72            0             0             0             0             0             
3480          89.974        -6.99631      261.553       72            0             0             0             0             0             
3540          89.9737       -6.99616      261.553       72            0             0             0             0             0             
3600          89.9734       -6.99601      261.553       72            0             0             0             0             0             
3660          89.9731       -6.99583      261.553       72            0             0             0             0             0             
3720          89.9729       -6.99566      261.553       72            0             0             0             0             0             
3780          89.9726       -6.99549      261.553       72            0             0             0             0             0             
3840          89.9724       -6.9953       261.553       72            0             0             0             0             0             
3900          89.9721       -6.9951       261.553       72            0             0             0             0             0             
3960          89.9719       -6.99491      261.553       72            0             0             0             0             0             
4020          89.9717       -6.9947       261.553       72            0             0             0             0             0             
4080          89.9715       -6.99448      261.553       72            0             0             0             0             0             
4140          89.9713       -6.99428      261.553       72            0             0             0             0             0             
4200          89.9711       -6.99406      261.553       72            0             0             0             0             0             
4260          89.9709       -6.99383      261.553       72            0             0             0             0             0             
4320          89.9708       -6.99363      261.553       72            0             0             0             0             0             
4380          89.9706       -6.99341      261.553       72            0             0             0             0             0             
4440          89.9705       -6.99318      261.553       72            0             0             0             0             0             
4500          89.9704       -6.99297      261.553       72            0             0             0             0             0             
4560          89.9703       -6.99276      261.553       72            0             0             0             0             0             
4620          89.9702       -6.99256      261.553       72            0             0             0             0             0             
4680          89.9701       -6.99237      261.553       72            0             0             0             0             0             
4740          89.97         -6.99218      261.553       72            0             0             0             0             0             
4800          89.97         -6.99201      261.553       72            0             0             0             0             0             
4860          89.9699       -6.99186      261.553       72            0             0             0             0             0             
4920          89.9699       -6.99172      261.553       72            0             0             0             0             0             
4980          89.9699       -6.99162      261.553       72            0             0             0             0             0             
5040          89.9699       -6.99153      261.553       72            0             0             0             0             0             
5100          89.9699       -6.99148      261.553       72            0             0             0             0             0             
5160          89.9699       -6.99145      261.553       72            0             0             0             0             0             
5220          89.9699       -6.99146      261.553       72            0             0             0             0             0             
5280          89.9699       -6.99151      261.553       72            0             0             0             0             0             
5340          89.9699       -6.99159      261.553       72            0             0             0             0             0             
5400          89.9698       -6.99172      261.553       72            0             0             0             0             0             
5460          89.9698       -6.99191      261.553       72            0             0             0             0             0             
5520          89.9697       -6.99212      261.553       72            0             0             0             0             0             
5580          89.9696       -6.99239      261.553       72            0             0             0             0             0             
5640          89.9695       -6.99271      261.553       72            0             0             0             0             0             
5700          89.9693       -6.99308      261.553       72            0             0             0             0             0             
5760          89.969        -6.99348      261.553       72            0             0             0             0             0             
5820          89.9687       -6.99392      261.553       72            0             0             0             0             0             
5880          89.9683       -6.9944       261.553       72            0             0             0             0             0             
5940          89.9678       -6.9949       261.553       72            0             0             0             0             0             
6000          89.9673       -6.99543      261.553       72            0             0             0             0             0             
6060          89.9666       -6.99595      261.553       72            0             0             0             0             0             
6120          89.9659       -6.99647      261.553       72            0             0             0             0             0             
6180          89.9651       -6.99697      261.553       72            0             0             0             0             0             
6240          89.9641       -6.99745      261.553       72            0             0             0             0             0             
6300          89.9631       -6.99787      261.553       72            0             0             0             0             0             
6360          89.9621       -6.99823      261.553       72            0             0             0             0             0             
6420          89.9609       -6.99852      261.553       72            0             0             0             0             0             
6480          89.9597       -6.99875      261.553       72            0             0             0             0             0             
6540          89.9585       -6.99887      261.553       72            0             0             0             0             0             
6600          89.9572       -6.9989       261.553       72            0             0             0             0             0             
6660          89.956        -6.99884      261.553       72            0             0             0             0             0             
6720          89.9548       -6.99869      261.553       72            0             0             0             0             0             
6780          89.9536       -6.99846      261.553       72            0             0             0             0             0             
6840          89.9524       -6.99814      261.553       72            0             0             0             0             0             
6900          89.9513       -6.99775      261.553       72            0             0             0             0             0             
6960          89.9504       -6.99732      261.553       72            0             0             0             0             0             
7020          89.9494       -6.99682      261.553       72            0             0             0             0             0             
7080          89.9486       -6.99629      261.553       72            0             0             0             0             0             
7140          89.9479       -6.99576      261.553       72            0             0             0             0             0             
7200          89.9472       -6.99522      261.553       72            0             0             0             0             0             
7260          89.9467       -6.99467      261.553       72            0             0             0             0             0             
7320          89.9462       -6.99416      261.553       72            0             0             0             0             0             
7380          89.9458       -6.99366      261.553       72            0             0             0             0             0             
7440          89.9455       -6.9932       261.553       72            0             0             0             0             0             
7500          89.9452       -6.99278      261.553       72            0             0             0             0             0             
7560          89.945        -6.9924       261.553       72            0             0             0             0             0             
7620          89.9449       -6.99205      261.553       72            0             0             0             0             0             
7680          89.9448       -6.99177      261.553       72            0             0             0             0             0             
7740          89.9447       -6.99153      261.553       72            0             0             0             0             0             
7800          89.9446       -6.99133      261.553       72            0             0             0             0             0             
7860          89.9446       -6.99118      261.553       72            0             0             0             0             0             
7920          89.9446       -6.99107      261.553       72            0             0             0             0             0             
7980          89.9446       -6.991        261.553       72            0             0             0             0             0             
8040          89.9446       -6.99098      261.553       72            0             0             0             0             0             
