      BLOCK DATA                                                        C8ON   1
      DOUBLE PRECISION NAME                                             C8ON   2
      COMMON/ AP8MIC /NAME,EPOCH,SCAE,SCAL,SCAB,SCAF,LENGTH             C8ON   3
     X,MAP  1(163),MAP  2(163),MAP  3(163),MAP  4(163),MAP  5(163)      C8ON   4
     X,MAP  6(163),MAP  7(163),MAP  8(163),MAP  9(163),MAP 10(163)      C8ON   5
     X,MAP 11(163),MAP 12(163),MAP 13(163),MAP 14(163),MAP 15(163)      C8ON   6
     X,MAP 16(163),MAP 17(163),MAP 18(163),MAP 19(163),MAP 20(163)      C8ON   7
     X,MAP 21(163),MAP 22(163),MAP 23(163),MAP 24(163),MAP 25(163)      C8ON   8
     X,MAP 26(163),MAP 27(163),MAP 28(163),MAP 29(163),MAP 30(163)      C8ON   9
     X,MAP 31(163),MAP 32(163),MAP 33(163),MAP 34(163),MAP 35(163)      C8ON  10
     X,MAP 36(163),MAP 37(163),MAP 38(163),MAP 39(163),MAP 40(163)      C8ON  11
     X,MAP 41(163),MAP 42(  6)                                          C8ON  12
      DATA NAME  /8H AP8MIC /                                           C8ON  13
      DATA EPOCH /    1964.000/                                         C8ON  14
      DATA SCAE  /     100.000/                                         C8ON  15
      DATA SCAL  /    2048.000/                                         C8ON  16
      DATA SCAB  /    2048.000/                                         C8ON  17
      DATA SCAF  /    1024.000/                                         C8ON  18
      DATA LENGTH/        6688/                                         C8ON  19
      DATA MAP  1/                                                      C8ON  20
     X   892,    10,     3,     0,     0,     3,  2299,     0,    11,   C8ON  21
     X  2334,  2001,    17,    12,    13,    12,    12,    10,     9,   C8ON  22
     X     9,    14,  2355,  2665,    31,    24,    23,    21,    19,   C8ON  23
     X    13,    10,     6,     5,     1,     1,    16,  2396,  3252,   C8ON  24
     X    64,    44,    33,    19,    12,    10,     7,     6,     6,   C8ON  25
     X     5,     4,     4,     4,    18,  2457,  3659,   124,    96,   C8ON  26
     X    72,    43,    34,    29,    23,    20,    16,    12,    10,   C8ON  27
     X     8,     7,     5,     9,    22,  2662,  4673,   220,   209,   C8ON  28
     X   185,   158,   132,   105,    78,    60,    48,    34,    25,   C8ON  29
     X    21,    18,    16,    14,    11,    10,    10,    16,    24,   C8ON  30
     X  2867,  5312,   207,   252,   294,   295,   280,   233,   199,   C8ON  31
     X   118,    87,    68,    54,    47,    32,    26,    25,    25,   C8ON  32
     X    25,    23,    25,    26,    29,    26,  3072,  5865,   229,   C8ON  33
     X   257,   288,   311,   315,   332,   327,   300,   258,   211,   C8ON  34
     X   137,   109,    78,    58,    43,    37,    34,    31,    30,   C8ON  35
     X    30,    29,    29,    32,    28,  3276,  6182,   286,   325,   C8ON  36
     X   361,   380,   405,   399,   386,   367,   343,   311,   251,   C8ON  37
     X   225,   181,   146,   116,    85,    68,    53,    42,    33,   C8ON  38
     Y    32/                                                           C8ON  39
      DATA MAP  2/                                                      C8ON  40
     X    31,    31,    35,    49,    29,  3481,  6577,   294,   340,   C8ON  41
     X   389,   450,   477,   462,   483,   486,   448,   395,   342,   C8ON  42
     X   332,   283,   242,   213,   181,   144,   123,    99,    76,   C8ON  43
     X    60,    49,    36,    35,    36,    47,    30,  3686,  6855,   C8ON  44
     X   312,   364,   416,   478,   522,   543,   590,   612,   572,   C8ON  45
     X   548,   519,   455,   384,   339,   300,   268,   230,   185,   C8ON  46
     X   165,   106,    83,    63,    60,    57,    57,    65,    88,   C8ON  47
     X    31,  3891,  7129,   314,   375,   448,   543,   625,   706,   C8ON  48
     X   804,   914,   900,   806,   699,   595,   499,   423,   329,   C8ON  49
     X   256,   198,   156,   126,   110,    95,    79,    69,    65,   C8ON  50
     X    65,    63,    70,    97,    32,  4096,  7407,   334,   394,   C8ON  51
     X   475,   584,   699,   834,   982,  1118,  1269,  1290,  1180,   C8ON  52
     X  1010,   882,   527,   420,   357,   211,   139,    96,    60,   C8ON  53
     X    31,    22,    17,    18,    19,    15,    17,    20,    18,   C8ON  54
     X    33,  4300,  7621,   366,   450,   557,   680,   764,   980,   C8ON  55
     X  1288,  1562,  1633,  1462,  1298,  1112,   869,   534,   371,   C8ON  56
     X   220,   126,   100,    89,    87,    84,    87,    89,    88,   C8ON  57
     X    86,    89,    90,    91,    94,   108,    34,  4505,  7867,   C8ON  58
     Y   382/                                                           C8ON  59
      DATA MAP  3/                                                      C8ON  60
     X   471,   591,   752,   959,  1202,  1526,  1757,  1896,  1944,   C8ON  61
     X  1668,  1438,   815,   611,   409,   245,   210,   200,   207,   C8ON  62
     X   225,   191,   168,    87,    73,    70,    71,    72,    75,   C8ON  63
     X    78,    85,   108,    35,  4710,  8054,   415,   508,   642,   C8ON  64
     X   842,  1149,  1487,  1814,  2029,  2078,  1929,  1714,  1478,   C8ON  65
     X  1091,   807,   643,   522,   471,   337,   259,   203,   145,   C8ON  66
     X   111,   115,   114,   118,   118,   118,   117,   116,   117,   C8ON  67
     X   119,   127,    35,  4915,  8191,   429,   552,   758,  1046,   C8ON  68
     X  1448,  1883,  2223,  2302,  2425,  2212,  1965,  1705,  1319,   C8ON  69
     X   882,   662,   351,   272,   235,   214,   204,   199,   208,   C8ON  70
     X   215,   221,   225,   223,   221,   216,   214,   214,   218,   C8ON  71
     X   233,    36,  5120,  8348,   436,   579,   831,  1178,  1608,   C8ON  72
     X  2082,  2481,  2772,  2699,  2853,  2711,  2386,  2067,  1300,   C8ON  73
     X   953,   714,   437,   260,   179,   153,   131,   127,   126,   C8ON  74
     X   127,   129,   129,   130,   127,   126,   126,   129,   128,   C8ON  75
     X   129,    36,  5324,  8441,   478,   648,   958,  1333,  1838,   C8ON  76
     X  2360,  2813,  3385,  3764,  3186,  2699,  2350,  1595,  1221,   C8ON  77
     X   876,   463,   387,   248,   248,   244,   250,   251,   257,   C8ON  78
     Y   263/                                                           C8ON  79
      DATA MAP  4/                                                      C8ON  80
     X   265,   261,   252,   246,   249,   254,   259,   264,   270,   C8ON  81
     X    37,  5529,  8530,   535,   724,  1032,  1504,  2122,  2726,   C8ON  82
     X  3348,  4261,  3641,  3439,  3285,  3025,  2062,  1545,  1132,   C8ON  83
     X   720,   563,   483,   416,   356,   243,   247,   249,   253,   C8ON  84
     X   257,   258,   257,   255,   253,   254,   251,   250,   245,   C8ON  85
     X   242,    37,  5734,  8610,   564,   781,  1155,  1669,  2313,   C8ON  86
     X  3100,  4106,  5090,  4723,  4171,  3579,  2862,  2142,  1776,   C8ON  87
     X  1466,  1275,  1047,   756,   582,   439,   289,   288,   267,   C8ON  88
     X   236,   209,   205,   202,   201,   198,   201,   202,   200,   C8ON  89
     X   193,   181,    38,  6144,  8722,   604,   898,  1472,  2354,   C8ON  90
     X  3537,  5035,  6435,  7318,  5921,  4842,  3838,  3039,  2426,   C8ON  91
     X  1935,  1450,  1152,   921,   737,   566,   486,   412,   325,   C8ON  92
     X   316,   310,   311,   309,   319,   328,   328,   325,   317,   C8ON  93
     X   302,   301,   295,   280,    38,  6963,  8763,   745,  1340,   C8ON  94
     X  2634,  4863,  8313, 11557, 12095,  9931,  8798,  4460,  3611,   C8ON  95
     X  2250,  1768,  1661,  1348,  1094,   886,   860,   794,   728,   C8ON  96
     X   706,   870,   860,   847,   854,   868,   878,   878,   875,   C8ON  97
     X   870,   869,   850,   832,   804,   778,    37,  7782,  8451,   C8ON  98
     Y  1037/                                                           C8ON  99
      DATA MAP  5/                                                      C8ON 100
     X  2053,  4320,  8234, 13247, 19364, 16095, 14423,  8192,  6289,   C8ON 101
     X  5014,  3402,  2768,  2848,  2891,  2928,  2726,  2438,  2119,   C8ON 102
     X  1818,  1556,  1405,  1251,  1121,  1098,  1078,  1085,  1087,   C8ON 103
     X  1092,  1090,  1060,  1020,   948,   798,    36,  8601,  8201,   C8ON 104
     X  1062,  2374,  5797, 11755, 18805, 25569, 23593, 20955, 12019,   C8ON 105
     X  8725,  6250,  4196,  3353,  3278,  3143,  2868,  2756,  2757,   C8ON 106
     X  2671,  2585,  2560,  2549,  2551,  2574,  2602,  2610,  2605,   C8ON 107
     X  2580,  2526,  2444,  2308,  2126,  1593,    35,  9420,  8014,   C8ON 108
     X  1038,  2625,  7002, 17078, 28580, 38218, 28555, 23784, 14905,   C8ON 109
     X 11120,  8605,  6453,  4668,  4644,  4592,  4364,  4336,  4353,   C8ON 110
     X  4256,  3923,  3552,  3377,  3348,  3337,  3353,  3360,  3388,   C8ON 111
     X  3398,  3367,  3347,  3357,  3459,    34, 10240,  7822,  1097,   C8ON 112
     X  3528, 11320, 30959, 45133, 53296, 39292, 32724, 20426, 14875,   C8ON 113
     X 10911,  8529,  5325,  4152,  3082,  3242,  3447,  3667,  3830,   C8ON 114
     X  4060,  4536,  4778,  4570,  4412,  4498,  4488,  4240,  4153,   C8ON 115
     X  4479,  5171,   839,    33, 11264,  7605,   973,  3803, 17998,   C8ON 116
     X 46677, 62123, 61152, 47671, 35256, 27396, 19708, 13998, 11838,   C8ON 117
     X  7860,  7709,  7271,  7088,  7038,  6993,  6975,  7063,  7193,   C8ON 118
     Y  7321/                                                           C8ON 119
      DATA MAP  6/                                                      C8ON 120
     X  7394,  7338,  6942,  6839,  6984,  7192,  7622,  8761,    32,   C8ON 121
     X 12288,  7377,   828,  3421, 18339, 42434, 68271, 86460, 57767,   C8ON 122
     X 47630, 30906, 22593, 17972, 14424, 12692, 13367, 13302, 12054,   C8ON 123
     X 11412, 11977, 12466, 12773, 13205, 13097, 12909, 12830, 12615,   C8ON 124
     X 12871, 13077, 13745, 15513,    31, 13516,  7063,   913,  2335,   C8ON 125
     X  9874, 30730, 56329, 75941, 78564, 67183, 58077, 49459, 43291,   C8ON 126
     X 37201, 31822, 27507, 25464, 25615, 24834, 23578, 23705, 23609,   C8ON 127
     X 23880, 24027, 24368, 24596, 25015, 27160, 16167,  2999,     3,   C8ON 128
     X 20480,     0,     3, 32767,     0,   879,    20,     3,     0,   C8ON 129
     X     0,     3,  2299,     0,    11,  2334,  1996,    17,    12,   C8ON 130
     X    13,    12,    12,    10,     9,     9,    14,  2355,  2653,   C8ON 131
     X    31,    24,    23,    21,    19,    13,    10,     6,     4,   C8ON 132
     X     2,     2,    16,  2396,  3246,    63,    45,    33,    19,   C8ON 133
     X    12,    10,     7,     6,     6,     5,     4,     4,     4,   C8ON 134
     X    18,  2457,  3657,   123,    96,    73,    42,    35,    28,   C8ON 135
     X    23,    20,    16,    12,    10,     8,     7,     5,     7,   C8ON 136
     X    22,  2662,  4672,   218,   207,   189,   158,   131,   104,   C8ON 137
     X    79,    61,    47,    34,    25,    21,    18,    16,    15,   C8ON 138
     Y    10/                                                           C8ON 139
      DATA MAP  7/                                                      C8ON 140
     X    10,    10,    12,    24,  2867,  5309,   208,   252,   294,   C8ON 141
     X   292,   283,   233,   198,   117,    88,    68,    53,    47,   C8ON 142
     X    32,    26,    25,    25,    26,    23,    24,    26,    26,   C8ON 143
     X    26,  3072,  5862,   229,   258,   286,   312,   316,   332,   C8ON 144
     X   328,   300,   257,   210,   138,   108,    78,    58,    44,   C8ON 145
     X    36,    33,    32,    31,    28,    29,    30,    32,    28,   C8ON 146
     X  3276,  6178,   287,   326,   358,   380,   406,   403,   383,   C8ON 147
     X   364,   346,   313,   248,   223,   185,   145,   115,    84,   C8ON 148
     X    68,    54,    41,    34,    33,    29,    31,    35,    49,   C8ON 149
     X    29,  3481,  6571,   296,   337,   391,   450,   481,   460,   C8ON 150
     X   486,   486,   447,   393,   342,   335,   281,   242,   213,   C8ON 151
     X   180,   143,   122,    98,    76,    60,    50,    36,    33,   C8ON 152
     X    37,    47,    30,  3686,  6844,   314,   363,   416,   478,   C8ON 153
     X   523,   548,   594,   616,   575,   546,   517,   453,   385,   C8ON 154
     X   336,   299,   267,   229,   183,   164,   104,    83,    62,   C8ON 155
     X    61,    57,    57,    65,    66,    31,  3891,  7090,   325,   C8ON 156
     X   387,   460,   556,   634,   721,   812,   921,   894,   800,   C8ON 157
     X   683,   589,   493,   413,   322,   253,   191,   152,   124,   C8ON 158
     Y   109/                                                           C8ON 159
      DATA MAP  8/                                                      C8ON 160
     X    93,    78,    67,    66,    64,    63,    72,    72,    32,   C8ON 161
     X  4096,  7354,   343,   411,   488,   588,   721,   860,  1012,   C8ON 162
     X  1160,  1293,  1281,  1158,   989,   817,   522,   406,   343,   C8ON 163
     X   193,   138,    86,    56,    31,    19,    18,    19,    18,   C8ON 164
     X    15,    18,    18,    19,    33,  4300,  7570,   372,   452,   C8ON 165
     X   551,   671,   809,  1021,  1339,  1591,  1623,  1456,  1281,   C8ON 166
     X  1088,   817,   537,   334,   221,   117,    99,    88,    87,   C8ON 167
     X    85,    87,    88,    88,    87,    89,    90,    90,    96,   C8ON 168
     X   110,    34,  4505,  7793,   379,   455,   570,   731,   977,   C8ON 169
     X  1229,  1552,  1777,  1865,  1884,  1637,  1410,   860,   603,   C8ON 170
     X   460,   246,   207,   199,   207,   234,   201,   177,    94,   C8ON 171
     X    74,    70,    72,    73,    74,    78,    87,   111,    35,   C8ON 172
     X  4710,  7966,   404,   488,   613,   831,  1185,  1531,  1879,   C8ON 173
     X  2083,  2078,  1887,  1656,  1425,  1083,   797,   641,   531,   C8ON 174
     X   472,   358,   264,   205,   146,   108,   112,   115,   118,   C8ON 175
     X   121,   120,   119,   114,   115,   122,   134,    35,  4915,   C8ON 176
     X  8093,   426,   545,   746,  1062,  1465,  1851,  2189,  2352,   C8ON 177
     X  2467,  2242,  1984,  1710,  1282,   872,   630,   348,   262,   C8ON 178
     Y   232/                                                           C8ON 179
      DATA MAP  9/                                                      C8ON 180
     X   215,   210,   205,   205,   210,   222,   231,   226,   218,   C8ON 181
     X   212,   209,   216,   223,   233,    36,  5120,  8218,   448,   C8ON 182
     X   595,   877,  1252,  1683,  2106,  2481,  2740,  2867,  2885,   C8ON 183
     X  2628,  2264,  1948,  1271,   913,   692,   436,   257,   175,   C8ON 184
     X   153,   129,   125,   128,   128,   130,   131,   131,   129,   C8ON 185
     X   124,   124,   127,   127,   126,    36,  5324,  8322,   478,   C8ON 186
     X   645,   949,  1349,  1886,  2455,  2881,  3392,  3590,  3143,   C8ON 187
     X  2697,  2325,  1595,  1206,   893,   478,   393,   253,   248,   C8ON 188
     X   239,   246,   250,   260,   269,   262,   255,   252,   248,   C8ON 189
     X   252,   255,   260,   267,   277,    36,  5529,  8423,   502,   C8ON 190
     X   675,  1010,  1510,  2121,  2851,  3463,  4113,  3560,  3364,   C8ON 191
     X  3243,  2996,  2162,  1530,  1177,   722,   566,   487,   424,   C8ON 192
     X   367,   278,   252,   245,   253,   267,   262,   253,   252,   C8ON 193
     X   253,   255,   252,   250,   252,    37,  5734,  8507,   511,   C8ON 194
     X   703,  1047,  1615,  2313,  3200,  4082,  5038,  4357,  4022,   C8ON 195
     X  3562,  2763,  2360,  1835,  1542,  1350,  1196,   816,   627,   C8ON 196
     X   538,   303,   303,   291,   259,   222,   212,   209,   203,   C8ON 197
     X   194,   190,   195,   197,   200,   187,    37,  6144,  8612,   C8ON 198
     Y   558/                                                           C8ON 199
      DATA MAP 10/                                                      C8ON 200
     X   774,  1201,  2043,  3199,  4581,  6000,  6729,  6150,  5230,   C8ON 201
     X  4177,  3435,  2699,  2119,  1659,  1148,  1024,   808,   647,   C8ON 202
     X   476,   444,   353,   311,   308,   306,   306,   309,   321,   C8ON 203
     X   330,   322,   317,   317,   315,   307,    37,  6963,  8587,   C8ON 204
     X   692,  1088,  1992,  3453,  5800,  8838, 11312, 10008,  9045,   C8ON 205
     X  8377,  4344,  3557,  2187,  1751,  1627,  1330,  1087,   885,   C8ON 206
     X   832,   748,   674,   665,   784,   829,   847,   853,   863,   C8ON 207
     X   871,   877,   881,   872,   866,   849,   833,    36,  7782,   C8ON 208
     X  8258,   862,  1621,  3341,  5892,  9631, 14765, 19120, 14600,   C8ON 209
     X 12656,  6845,  5547,  4497,  3150,  2854,  2905,  2883,  2817,   C8ON 210
     X  2688,  2447,  2071,  1730,  1483,  1247,  1149,  1112,  1059,   C8ON 211
     X  1040,  1063,  1097,  1103,  1101,  1096,  1039,    35,  8601,   C8ON 212
     X  7974,   909,  1760,  4040,  8630, 14664, 20515, 24478, 21433,   C8ON 213
     X 18823, 11208,  8233,  5687,  3540,  3378,  3348,  3101,  3036,   C8ON 214
     X  2968,  2768,  2624,  2540,  2486,  2502,  2548,  2613,  2644,   C8ON 215
     X  2580,  2511,  2496,  2451,  2307,  2033,    34,  9420,  7720,   C8ON 216
     X   887,  1868,  5173, 10913, 19119, 28304, 35276, 26805, 21006,   C8ON 217
     X 14469, 10736,  8279,  6230,  4862,  5056,  5146,  5163,  5185,   C8ON 218
     Y  4901/                                                           C8ON 219
      DATA MAP 11/                                                      C8ON 220
     X  4182,  3603,  3372,  3367,  3365,  3396,  3434,  3484,  3467,   C8ON 221
     X  3370,  3259,  3202,    33, 10240,  7449,   847,  2149,  5927,   C8ON 222
     X 13285, 27861, 38919, 44550, 36595, 30908, 25054, 17307, 13158,   C8ON 223
     X  9905,  7109,  4811,  3696,  2974,  3018,  3271,  3714,  3828,   C8ON 224
     X  3741,  3948,  4071,  3945,  4183,  4416,  4491,  4365,  4285,   C8ON 225
     X    31, 11264,  7123,   798,  2023,  9118, 28050, 46908, 59170,   C8ON 226
     X 51113, 42329, 32758, 26764, 18817, 13107, 11586,  8984,  7765,   C8ON 227
     X  7692,  7070,  6926,  6862,  7121,  6862,  7313,  7223,  7169,   C8ON 228
     X  7064,  7133,  6529,  7041,    30, 12288,  6799,   777,  2110,   C8ON 229
     X 10075, 29071, 56377, 72072, 69929, 52809, 40026, 28183, 21131,   C8ON 230
     X 16579, 12927, 10434, 12876, 14824, 12506, 11152, 12073, 12446,   C8ON 231
     X 12927, 13002, 13291, 12850, 13021, 12279, 13234,    29, 13516,   C8ON 232
     X  6400,   745,  1890,  7095, 25419, 45079, 65303, 79899, 68012,   C8ON 233
     X 60001, 52424, 45500, 38955, 34167, 30242, 25962, 23415, 24372,   C8ON 234
     X 24157, 23102, 22849, 22146, 24514, 26260, 24343, 22772, 26066,   C8ON 235
     X     3, 20480,     0,     3, 32767,     0,   828,    60,     3,   C8ON 236
     X     0,     0,     3,  2301,     0,    11,  2334,  1970,    17,   C8ON 237
     X    12,    13,    12,    12,    10,     9,     9,    14,  2355,   C8ON 238
     Y  2633/                                                           C8ON 239
      DATA MAP 12/                                                      C8ON 240
     X    31,    24,    23,    21,    19,    13,    10,     6,     5,   C8ON 241
     X     1,     1,    16,  2396,  3234,    63,    45,    33,    19,   C8ON 242
     X    12,    10,     7,     6,     6,     5,     4,     4,     4,   C8ON 243
     X    18,  2457,  3655,   122,    93,    75,    42,    35,    28,   C8ON 244
     X    23,    20,    16,    12,    10,     8,     6,     6,     6,   C8ON 245
     X    22,  2662,  4667,   217,   204,   194,   157,   130,   103,   C8ON 246
     X    80,    60,    48,    34,    24,    21,    18,    16,    16,   C8ON 247
     X     9,    10,    10,    10,    24,  2867,  5300,   210,   253,   C8ON 248
     X   297,   287,   288,   231,   196,   115,    88,    67,    54,   C8ON 249
     X    47,    31,    26,    25,    25,    25,    23,    25,    26,   C8ON 250
     X    26,    26,  3072,  5850,   230,   257,   289,   312,   316,   C8ON 251
     X   332,   333,   300,   255,   205,   141,   105,    78,    57,   C8ON 252
     X    43,    36,    33,    32,    31,    28,    29,    30,    30,   C8ON 253
     X    28,  3276,  6166,   286,   326,   363,   376,   404,   403,   C8ON 254
     X   391,   359,   351,   311,   250,   217,   190,   143,   114,   C8ON 255
     X    82,    69,    52,    42,    33,    33,    30,    31,    35,   C8ON 256
     X    35,    29,  3481,  6546,   295,   338,   390,   456,   483,   C8ON 257
     X   465,   489,   486,   447,   393,   344,   334,   279,   241,   C8ON 258
     Y   213/                                                           C8ON 259
      DATA MAP 13/                                                      C8ON 260
     X   177,   140,   123,    95,    74,    59,    49,    36,    34,   C8ON 261
     X    37,    37,    30,  3686,  6802,   315,   364,   419,   475,   C8ON 262
     X   524,   562,   616,   623,   578,   548,   517,   445,   380,   C8ON 263
     X   334,   297,   263,   225,   178,   158,   100,    80,    62,   C8ON 264
     X    61,    56,    59,    66,    66,    31,  3891,  6979,   348,   C8ON 265
     X   409,   482,   580,   664,   752,   853,   894,   870,   781,   C8ON 266
     X   676,   583,   491,   397,   314,   241,   166,   143,   123,   C8ON 267
     X   105,    89,    72,    67,    64,    62,    66,    76,    83,   C8ON 268
     X    32,  4096,  7202,   359,   432,   509,   621,   764,   926,   C8ON 269
     X  1097,  1301,  1370,  1245,  1089,   966,   639,   490,   383,   C8ON 270
     X   282,   160,   136,    61,    46,    25,    21,    15,    19,   C8ON 271
     X    16,    20,    18,    18,    19,    32,  4300,  7380,   392,   C8ON 272
     X   470,   542,   682,   931,  1190,  1508,  1697,  1549,  1417,   C8ON 273
     X  1233,  1028,   605,   563,   219,   179,   102,    93,    88,   C8ON 274
     X    86,    86,    87,    87,    88,    88,    90,    90,    92,   C8ON 275
     X   101,    33,  4505,  7559,   387,   470,   569,   749,  1043,   C8ON 276
     X  1298,  1619,  1814,  1870,  1876,  1591,  1314,   798,   592,   C8ON 277
     X   429,   249,   214,   207,   214,   234,   189,   160,    86,   C8ON 278
     Y    70/                                                           C8ON 279
      DATA MAP 14/                                                      C8ON 280
     X    70,    69,    72,    75,    80,    89,    34,  4710,  7700,   C8ON 281
     X   397,   492,   654,   873,  1163,  1535,  1891,  2106,  2103,   C8ON 282
     X  1835,  1604,  1400,  1057,   797,   651,   553,   487,   346,   C8ON 283
     X   260,   200,   150,   111,   115,   113,   115,   117,   121,   C8ON 284
     X   120,   113,   113,   124,    34,  4915,  7817,   399,   520,   C8ON 285
     X   723,   983,  1310,  1753,  2161,  2415,  2598,  2410,  2095,   C8ON 286
     X  1750,  1257,   843,   639,   332,   268,   231,   210,   203,   C8ON 287
     X   198,   198,   202,   212,   217,   218,   219,   214,   212,   C8ON 288
     X   214,   220,    34,  5120,  7922,   408,   546,   790,  1081,   C8ON 289
     X  1511,  2015,  2419,  2669,  3047,  3001,  2565,  2149,  1918,   C8ON 290
     X  1399,  1052,   775,   477,   363,   211,   167,   142,   127,   C8ON 291
     X   125,   125,   126,   129,   132,   131,   126,   123,   128,   C8ON 292
     X    35,  5324,  8005,   432,   582,   833,  1136,  1616,  2259,   C8ON 293
     X  2782,  3208,  3450,  3327,  2980,  2574,  1866,  1258,  1050,   C8ON 294
     X   531,   391,   276,   248,   241,   244,   244,   256,   267,   C8ON 295
     X   270,   264,   256,   248,   253,   256,   256,   260,    35,   C8ON 296
     X  5529,  8079,   437,   583,   872,  1241,  1823,  2508,  3037,   C8ON 297
     X  3602,  3975,  3511,  3466,  3100,  2581,  1619,  1283,   943,   C8ON 298
     Y   666/                                                           C8ON 299
      DATA MAP 15/                                                      C8ON 300
     X   517,   458,   393,   333,   248,   248,   251,   261,   274,   C8ON 301
     X   264,   255,   253,   252,   251,   247,    35,  5734,  8120,   C8ON 302
     X   451,   616,   928,  1358,  2010,  2740,  3373,  4038,  4422,   C8ON 303
     X  4209,  3714,  3177,  2592,  2151,  1710,  1529,  1400,  1248,   C8ON 304
     X   833,   586,   484,   292,   292,   284,   250,   220,   209,   C8ON 305
     X   203,   202,   201,   202,   200,    35,  6144,  8172,   443,   C8ON 306
     X   613,   956,  1406,  2186,  3270,  4200,  4906,  5635,  6031,   C8ON 307
     X  5108,  4300,  3477,  2951,  2416,  1902,  1463,  1075,   856,   C8ON 308
     X   701,   581,   485,   422,   310,   319,   315,   315,   315,   C8ON 309
     X   314,   319,   321,   312,    35,  6963,  8014,   519,   720,   C8ON 310
     X  1175,  2004,  3122,  4531,  6786,  8972,  8833,  8897,  8207,   C8ON 311
     X  7248,  4298,  3142,  2184,  1780,  1732,  1392,  1077,   853,   C8ON 312
     X   734,   640,   632,   602,   755,   850,   847,   860,   873,   C8ON 313
     X   894,   911,   888,    33,  7782,  7608,   567,   860,  1576,   C8ON 314
     X  2793,  4340,  6755, 10578, 14463, 17058, 13071, 10830,  8050,   C8ON 315
     X  5562,  4457,  3202,  3114,  3079,  2931,  2826,  2642,  2192,   C8ON 316
     X  1772,  1448,  1224,  1128,  1070,  1074,  1087,  1073,  1067,   C8ON 317
     X    31,  8601,  7131,   532,   913,  1616,  3018,  5419,  9207,   C8ON 318
     Y 14456/                                                           C8ON 319
      DATA MAP 16/                                                      C8ON 320
     X 19329, 22536, 23381, 16778, 13874,  7750,  4716,  3579,  3854,   C8ON 321
     X  4079,  3935,  3234,  2625,  2585,  2586,  2572,  2550,  2561,   C8ON 322
     X  2513,  2596,  2641,    29,  9420,  6630,   506,   864,  1562,   C8ON 323
     X  3128,  5983, 10205, 16453, 24342, 29366, 27618, 22287, 18444,   C8ON 324
     X 15934, 10004,  8329,  7515,  7355,  6759,  6134,  3818,  3562,   C8ON 325
     X  3340,  3275,  3238,  3322,  3645,    27, 10240,  6012,   438,   C8ON 326
     X   780,  1255,  2525,  5944, 11157, 19076, 32094, 37873, 38300,   C8ON 327
     X 32050, 24974, 19668, 15500, 10208,  8437,  7279,  5732,  4322,   C8ON 328
     X  3172,  2437,  2429,  2529,  2820,    25, 11264,  5475,   439,   C8ON 329
     X   724,  1428,  3344,  7002, 13165, 26384, 37240, 42053, 41304,   C8ON 330
     X 33930, 29309, 25763, 23855, 15288, 12002,  8386,  8387,  8272,   C8ON 331
     X  7777,  6884,  8015,    24, 12288,  5162,   409,   654,  1223,   C8ON 332
     X  2547,  6141, 11659, 19324, 32440, 48198, 55163, 54196, 41046,   C8ON 333
     X 35533, 30532, 26128, 17942, 14105, 11156,  9471, 10682, 15977,   C8ON 334
     X    22, 13516,  4758,   438,   733,  1327,  2456,  5208, 10804,   C8ON 335
     X 19805, 26527, 34336, 43649, 50222, 50500, 43690, 40191, 36566,   C8ON 336
     X 32282, 28428, 29400, 39894,     3, 20480,     0,     3, 32767,   C8ON 337
     X     0,   783,   100,     3,     0,     0,     3,  2301,     0,   C8ON 338
     Y    11/                                                           C8ON 339
      DATA MAP 17/                                                      C8ON 340
     X  2334,  1960,    17,    12,    13,    12,    12,    10,     9,   C8ON 341
     X     9,    14,  2355,  2624,    31,    24,    23,    21,    19,   C8ON 342
     X    13,    10,     6,     5,     1,     1,    16,  2396,  3228,   C8ON 343
     X    64,    44,    33,    19,    12,    10,     7,     6,     6,   C8ON 344
     X     5,     5,     3,     4,    18,  2457,  3653,   119,    94,   C8ON 345
     X    75,    42,    35,    28,    23,    20,    16,    12,    10,   C8ON 346
     X     8,     6,     6,     7,    22,  2662,  4662,   216,   201,   C8ON 347
     X   199,   156,   130,   101,    81,    60,    48,    33,    25,   C8ON 348
     X    20,    18,    16,    16,     9,    10,    10,    10,    24,   C8ON 349
     X  2867,  5294,   209,   254,   296,   285,   294,   231,   193,   C8ON 350
     X   114,    88,    68,    52,    47,    31,    26,    25,    25,   C8ON 351
     X    26,    23,    24,    26,    29,    26,  3072,  5838,   230,   C8ON 352
     X   258,   289,   313,   318,   335,   334,   300,   254,   201,   C8ON 353
     X   140,   105,    76,    57,    43,    35,    33,    32,    31,   C8ON 354
     X    28,    29,    30,    30,    28,  3276,  6153,   288,   327,   C8ON 355
     X   356,   381,   406,   404,   388,   359,   356,   312,   247,   C8ON 356
     X   214,   194,   142,   112,    81,    68,    52,    41,    34,   C8ON 357
     X    32,    30,    31,    36,    35,    29,  3481,  6520,   293,   C8ON 358
     Y   341/                                                           C8ON 359
      DATA MAP 18/                                                      C8ON 360
     X   392,   459,   485,   472,   492,   488,   443,   394,   345,   C8ON 361
     X   337,   273,   245,   209,   174,   136,   122,    94,    72,   C8ON 362
     X    58,    48,    35,    34,    38,    39,    30,  3686,  6761,   C8ON 363
     X   315,   370,   414,   474,   526,   588,   626,   631,   585,   C8ON 364
     X   553,   509,   438,   378,   329,   292,   261,   222,   172,   C8ON 365
     X   151,    98,    76,    63,    60,    56,    60,    68,    84,   C8ON 366
     X    30,  3891,  6909,   350,   417,   502,   591,   672,   771,   C8ON 367
     X   846,   876,   862,   784,   680,   579,   497,   392,   311,   C8ON 368
     X   232,   162,   141,   122,   104,    86,    69,    66,    62,   C8ON 369
     X    62,    67,    80,    31,  4096,  7094,   367,   438,   521,   C8ON 370
     X   647,   799,   978,  1176,  1364,  1406,  1209,  1027,   941,   C8ON 371
     X   565,   459,   380,   238,   150,   115,    62,    38,    24,   C8ON 372
     X    19,    16,    19,    16,    18,    16,    20,    32,  4300,   C8ON 373
     X  7242,   393,   470,   566,   726,   990,  1247,  1559,  1698,   C8ON 374
     X  1541,  1403,  1214,   965,   570,   506,   207,   161,   100,   C8ON 375
     X    89,    86,    86,    87,    86,    86,    87,    89,    90,   C8ON 376
     X    91,    94,   102,    32,  4505,  7377,   389,   477,   603,   C8ON 377
     X   803,  1089,  1389,  1722,  1930,  1911,  1825,  1543,  1184,   C8ON 378
     Y   705/                                                           C8ON 379
      DATA MAP 19/                                                      C8ON 380
     X   561,   357,   241,   208,   205,   217,   226,   181,   139,   C8ON 381
     X    83,    70,    69,    70,    74,    75,    81,    33,  4710,   C8ON 382
     X  7487,   402,   497,   650,   870,  1182,  1539,  1893,  2158,   C8ON 383
     X  2195,  1820,  1524,  1362,  1052,   807,   663,   557,   494,   C8ON 384
     X   322,   250,   196,   139,   113,   113,   114,   117,   116,   C8ON 385
     X   117,   117,   114,   118,    33,  4915,  7586,   385,   507,   C8ON 386
     X   716,   960,  1258,  1722,  2198,  2551,  2749,  2459,  2101,   C8ON 387
     X  1737,  1203,   819,   559,   319,   250,   227,   208,   202,   C8ON 388
     X   197,   197,   200,   204,   207,   213,   217,   217,   216,   C8ON 389
     X   218,    33,  5120,  7658,   394,   521,   738,  1016,  1403,   C8ON 390
     X  1950,  2460,  2839,  3103,  2971,  2477,  2051,  1855,  1512,   C8ON 391
     X  1090,   777,   584,   387,   230,   167,   149,   128,   126,   C8ON 392
     X   124,   126,   133,   132,   132,   127,   125,    34,  5324,   C8ON 393
     X  7723,   404,   535,   772,  1078,  1518,  2117,  2652,  3058,   C8ON 394
     X  3451,  3428,  3050,  2603,  2115,  1336,  1113,   594,   398,   C8ON 395
     X   303,   247,   240,   246,   258,   264,   262,   262,   259,   C8ON 396
     X   250,   244,   251,   258,   257,    34,  5529,  7777,   394,   C8ON 397
     X   519,   759,  1101,  1584,  2218,  2860,  3456,  3898,  3749,   C8ON 398
     Y  3679/                                                           C8ON 399
      DATA MAP 20/                                                      C8ON 400
     X  3177,  2706,  1785,  1349,  1053,   802,   571,   467,   404,   C8ON 401
     X   342,   276,   253,   248,   251,   254,   251,   257,   260,   C8ON 402
     X   260,   257,    34,  5734,  7795,   380,   508,   763,  1147,   C8ON 403
     X  1680,  2344,  3027,  3743,  4316,  4472,  4084,  3401,  2592,   C8ON 404
     X  2457,  1836,  1610,  1612,  1355,  1024,   645,   522,   292,   C8ON 405
     X   294,   282,   258,   221,   214,   196,   196,   201,   200,   C8ON 406
     X    34,  6144,  7762,   402,   537,   792,  1203,  1853,  2671,   C8ON 407
     X  3553,  4507,  5362,  5934,  5192,  4407,  3776,  3402,  2944,   C8ON 408
     X  2216,  1761,  1299,  1034,   828,   659,   534,   463,   321,   C8ON 409
     X   316,   323,   311,   314,   316,   328,   332,    33,  6963,   C8ON 410
     X  7500,   452,   598,   912,  1468,  2366,  3486,  4895,  6738,   C8ON 411
     X  8179,  8549,  9508,  8129,  7166,  3783,  2852,  2096,  1831,   C8ON 412
     X  1702,  1265,  1007,   828,   718,   651,   603,   637,   814,   C8ON 413
     X   849,   858,   895,   914,    31,  7782,  6939,   522,   755,   C8ON 414
     X  1260,  2152,  3389,  5055,  7932, 11779, 15030, 16017, 12407,   C8ON 415
     X  9994,  7887,  5242,  4287,  3624,  3363,  2964,  2914,  2797,   C8ON 416
     X  2082,  1712,  1417,  1220,  1144,  1117,  1122,  1120,    28,   C8ON 417
     X  8601,  6284,   407,   672,  1225,  2011,  3440,  5889,  9939,   C8ON 418
     Y 16037/                                                           C8ON 419
      DATA MAP 21/                                                      C8ON 420
     X 21522, 24071, 23418, 15698, 11009,  6282,  4591,  4462,  4805,   C8ON 421
     X  4425,  3371,  2614,  2541,  2463,  2461,  2734,  2612,    25,   C8ON 422
     X  9420,  5547,   350,   460,   755,  1190,  2188,  4496,  7724,   C8ON 423
     X 13039, 20767, 32944, 35094, 30524, 21946, 19605, 10265,  8768,   C8ON 424
     X  7317,  6065,  4203,  3658,  3354,  3529,    22, 10240,  4636,   C8ON 425
     X   277,   416,   666,   965,  1422,  3044,  4816,  7207, 11505,   C8ON 426
     X 20471, 42537, 41723, 37898, 27898, 20383, 15476, 12570,  9422,   C8ON 427
     X  9065,    19, 11264,  3924,   309,   355,   544,   862,  1231,   C8ON 428
     X  2579,  4232,  5960,  9071, 21152, 34273, 41233, 41140, 36631,   C8ON 429
     X 25294, 28206,    17, 12288,  3497,   311,   394,   644,  1006,   C8ON 430
     X  1694,  3708,  5976,  9598, 15923, 26355, 37962, 45523, 48895,   C8ON 431
     X 53970,    16, 13516,  3098,   349,   447,   680,  1029,  1603,   C8ON 432
     X  3188,  5529,  9136, 15107, 22390, 27256, 35118, 63012,     3,   C8ON 433
     X 20480,     0,     3, 32767,     0,   664,   200,     3,     0,   C8ON 434
     X     0,     3,  2303,     0,    11,  2334,  1938,    17,    12,   C8ON 435
     X    13,    12,    12,    10,     9,     9,    14,  2355,  2613,   C8ON 436
     X    31,    24,    23,    21,    19,    13,    10,     6,     5,   C8ON 437
     X     1,     1,    16,  2396,  3225,    63,    45,    33,    19,   C8ON 438
     Y    12/                                                           C8ON 439
      DATA MAP 22/                                                      C8ON 440
     X    10,     7,     6,     6,     5,     4,     4,     4,    18,   C8ON 441
     X  2457,  3651,   119,    92,    76,    42,    35,    28,    23,   C8ON 442
     X    20,    16,    12,    10,     8,     6,     6,     7,    22,   C8ON 443
     X  2662,  4651,   222,   199,   199,   157,   128,   100,    81,   C8ON 444
     X    59,    47,    33,    24,    21,    17,    17,    16,     9,   C8ON 445
     X     9,    10,    11,    24,  2867,  5270,   213,   259,   303,   C8ON 446
     X   293,   288,   229,   187,   111,    87,    66,    52,    45,   C8ON 447
     X    31,    25,    25,    26,    25,    23,    25,    26,    28,   C8ON 448
     X    26,  3072,  5806,   231,   261,   289,   312,   326,   344,   C8ON 449
     X   334,   301,   255,   194,   137,   101,    74,    55,    42,   C8ON 450
     X    35,    33,    32,    30,    29,    29,    30,    32,    27,   C8ON 451
     X  3276,  6120,   288,   331,   358,   375,   403,   411,   393,   C8ON 452
     X   373,   345,   315,   257,   213,   187,   138,   108,    79,   C8ON 453
     X    67,    50,    40,    34,    32,    30,    32,    35,    29,   C8ON 454
     X  3481,  6457,   298,   338,   393,   468,   503,   480,   499,   C8ON 455
     X   486,   447,   388,   351,   338,   272,   239,   207,   167,   C8ON 456
     X   132,   116,    89,    69,    55,    44,    36,    35,    37,   C8ON 457
     X    38,    30,  3686,  6660,   312,   365,   428,   505,   561,   C8ON 458
     Y   608/                                                           C8ON 459
      DATA MAP 23/                                                      C8ON 460
     X   648,   635,   588,   556,   507,   411,   370,   326,   289,   C8ON 461
     X   251,   210,   169,   132,    90,    71,    61,    59,    58,   C8ON 462
     X    61,    72,    63,    30,  3891,  6779,   351,   419,   518,   C8ON 463
     X   627,   694,   791,   851,   853,   845,   777,   682,   584,   C8ON 464
     X   500,   381,   301,   219,   160,   142,   122,   101,    80,   C8ON 465
     X    67,    63,    63,    63,    70,    87,    30,  4096,  6877,   C8ON 466
     X   369,   450,   560,   705,   865,  1055,  1280,  1443,  1359,   C8ON 467
     X  1190,   985,   797,   532,   404,   349,   203,   140,    96,   C8ON 468
     X    67,    31,    23,    20,    13,    19,    19,    16,    18,   C8ON 469
     X    31,  4300,  6961,   390,   480,   607,   801,  1044,  1291,   C8ON 470
     X  1543,  1718,  1614,  1423,  1209,   824,   553,   376,   214,   C8ON 471
     X   137,    93,    85,    82,    83,    85,    86,    88,    89,   C8ON 472
     X    89,    91,    93,    93,    31,  4505,  7006,   391,   491,   C8ON 473
     X   641,   843,  1098,  1466,  1855,  2068,  2068,  1770,  1512,   C8ON 474
     X   972,   647,   537,   260,   228,   205,   208,   226,   198,   C8ON 475
     X   172,    96,    76,    71,    72,    74,    75,    77,    31,   C8ON 476
     X  4710,  7034,   392,   498,   662,   862,  1152,  1611,  2073,   C8ON 477
     X  2294,  2179,  1822,  1521,  1346,  1015,   791,   658,   543,   C8ON 478
     Y   436/                                                           C8ON 479
      DATA MAP 24/                                                      C8ON 480
     X   284,   212,   175,   113,   113,   111,   113,   117,   120,   C8ON 481
     X   120,   120,    31,  4915,  7052,   367,   474,   667,   933,   C8ON 482
     X  1267,  1781,  2419,  2981,  3232,  2512,  2036,  1496,   851,   C8ON 483
     X   737,   359,   275,   230,   212,   201,   196,   202,   206,   C8ON 484
     X   208,   206,   210,   217,   219,   222,    31,  5120,  7053,   C8ON 485
     X   356,   462,   649,   940,  1362,  1945,  2578,  3077,  3349,   C8ON 486
     X  3058,  2454,  2003,  1796,  1418,  1023,   741,   574,   359,   C8ON 487
     X   232,   177,   152,   125,   120,   122,   127,   135,   134,   C8ON 488
     X   139,    31,  5324,  7044,   336,   430,   651,   980,  1384,   C8ON 489
     X  2083,  2737,  3277,  3791,  4007,  3289,  2640,  1917,  1113,   C8ON 490
     X   908,   496,   349,   253,   253,   251,   247,   245,   253,   C8ON 491
     X   259,   270,   268,   260,   260,    31,  5529,  7036,   340,   C8ON 492
     X   431,   640,   990,  1467,  2227,  2883,  3367,  3870,  4129,   C8ON 493
     X  3958,  3271,  2734,  1794,  1319,  1035,   804,   578,   464,   C8ON 494
     X   388,   321,   255,   250,   242,   242,   249,   263,   277,   C8ON 495
     X    31,  5734,  6965,   333,   432,   657,  1028,  1521,  2222,   C8ON 496
     X  2985,  3637,  4229,  4744,  4830,  3739,  3070,  2635,  1895,   C8ON 497
     X  1657,  1374,  1110,   765,   492,   375,   292,   283,   263,   C8ON 498
     Y   236/                                                           C8ON 499
      DATA MAP 25/                                                      C8ON 500
     X   216,   202,   205,    30,  6144,  6834,   326,   405,   599,   C8ON 501
     X   999,  1560,  2221,  3024,  3994,  5118,  5921,  6091,  4842,   C8ON 502
     X  4163,  3676,  3274,  2679,  1830,  1403,  1078,   868,   637,   C8ON 503
     X   501,   388,   318,   319,   315,   328,    28,  6963,  6250,   C8ON 504
     X   360,   496,   830,  1358,  2091,  3043,  4222,  5678,  7368,   C8ON 505
     X  8967,  9902,  9671,  7033,  5149,  3144,  2568,  2059,  1802,   C8ON 506
     X  1009,   930,   806,   674,   579,   674,   882,    24,  7782,   C8ON 507
     X  5282,   574,   819,  1347,  2404,  3698,  5239,  8784, 13898,   C8ON 508
     X 17731, 15705, 12740,  9658,  7335,  5800,  4887,  4128,  3380,   C8ON 509
     X  2707,  2031,  1665,  1410,    20,  8601,  4223,   420,   681,   C8ON 510
     X  1145,  1909,  3450,  5769, 10196, 18157, 25687, 27769, 20234,   C8ON 511
     X 17936,  7858,  5976,  5243,  4753,  4075,    15,  9420,  2943,   C8ON 512
     X   317,   415,   741,  1268,  2740,  7218, 12285, 27310, 54424,   C8ON 513
     X 46048, 33240, 23316,     8, 10240,  1241,   167,   232,   357,   C8ON 514
     X   594,  1646,     3, 11264,     0,     3, 32767,     0,   532,   C8ON 515
     X   600,     3,     0,     0,     3,  2306,     0,    11,  2334,   C8ON 516
     X  1883,    17,    12,    13,    12,    12,    10,     9,    10,   C8ON 517
     X    14,  2355,  2586,    31,    24,    23,    21,    19,    13,   C8ON 518
     Y    10/                                                           C8ON 519
      DATA MAP 26/                                                      C8ON 520
     X     6,     4,     2,     2,    16,  2396,  3202,    64,    44,   C8ON 521
     X    33,    19,    12,    10,     7,     6,     6,     5,     4,   C8ON 522
     X     4,     4,    18,  2457,  3644,   119,    90,    77,    42,   C8ON 523
     X    35,    28,    22,    20,    16,    12,    10,     8,     6,   C8ON 524
     X     6,     5,    21,  2662,  4603,   226,   217,   189,   161,   C8ON 525
     X   128,    96,    77,    57,    45,    31,    24,    20,    17,   C8ON 526
     X    16,    15,     9,    10,     9,    24,  2867,  5178,   224,   C8ON 527
     X   285,   325,   313,   274,   222,   166,   101,    81,    61,   C8ON 528
     X    50,    40,    29,    25,    25,    26,    24,    24,    25,   C8ON 529
     X    27,    28,    26,  3072,  5658,   235,   267,   294,   329,   C8ON 530
     X   363,   380,   347,   296,   242,   166,   119,    86,    64,   C8ON 531
     X    47,    39,    34,    32,    31,    29,    30,    29,    32,   C8ON 532
     X    31,    27,  3276,  5947,   295,   336,   366,   370,   402,   C8ON 533
     X   437,   435,   398,   351,   322,   260,   202,   160,   120,   C8ON 534
     X    90,    71,    57,    44,    36,    32,    31,    32,    34,   C8ON 535
     X    35,    27,  3481,  6109,   317,   363,   423,   502,   533,   C8ON 536
     X   527,   537,   507,   449,   407,   380,   314,   260,   214,   C8ON 537
     X   175,   136,   105,    82,    64,    52,    42,    36,    36,   C8ON 538
     Y    36/                                                           C8ON 539
      DATA MAP 27/                                                      C8ON 540
     X    28,  3686,  6190,   344,   404,   472,   560,   657,   739,   C8ON 541
     X   732,   653,   595,   558,   461,   411,   349,   302,   251,   C8ON 542
     X   197,   153,   106,    73,    62,    58,    57,    59,    69,   C8ON 543
     X    69,    28,  3891,  6206,   364,   445,   537,   668,   832,   C8ON 544
     X   911,   825,   806,   855,   834,   744,   611,   431,   346,   C8ON 545
     X   234,   176,   156,   120,    93,    68,    65,    64,    63,   C8ON 546
     X    68,    84,    27,  4096,  6128,   406,   508,   657,   838,   C8ON 547
     X  1033,  1193,  1309,  1367,  1214,  1058,   957,   652,   507,   C8ON 548
     X   389,   294,   187,   144,    76,    62,    30,    22,    20,   C8ON 549
     X    17,    20,    27,  4300,  6047,   403,   525,   723,   963,   C8ON 550
     X  1226,  1525,  1781,  1805,  1576,  1318,   912,   574,   462,   C8ON 551
     X   195,   171,    87,    87,    79,    79,    79,    82,    87,   C8ON 552
     X    93,    94,    27,  4505,  5954,   413,   539,   755,  1022,   C8ON 553
     X  1421,  1926,  2296,  2208,  1955,  1665,  1059,   694,   574,   C8ON 554
     X   268,   225,   221,   234,   203,   178,    94,    75,    69,   C8ON 555
     X    71,    76,    26,  4710,  5831,   393,   526,   783,  1132,   C8ON 556
     X  1637,  2215,  2577,  2577,  2073,  1730,  1477,   970,   750,   C8ON 557
     X   559,   458,   287,   211,   172,   110,   117,   121,   120,   C8ON 558
     Y   122/                                                           C8ON 559
      DATA MAP 28/                                                      C8ON 560
     X    26,  4915,  5720,   388,   497,   692,  1070,  1761,  2664,   C8ON 561
     X  3312,  3498,  2773,  2155,  1628,   928,   616,   335,   231,   C8ON 562
     X   203,   201,   213,   215,   224,   229,   233,   239,    25,   C8ON 563
     X  5120,  5570,   368,   483,   698,  1111,  1825,  2775,  3533,   C8ON 564
     X  3814,  3407,  2644,  2067,  1861,  1274,   956,   772,   393,   C8ON 565
     X   314,   198,   171,   129,   127,   129,    25,  5324,  5376,   C8ON 566
     X   375,   511,   799,  1252,  2076,  2943,  3672,  4259,  4550,   C8ON 567
     X  3384,  2720,  1621,  1169,   593,   400,   257,   255,   258,   C8ON 568
     X   251,   250,   272,   286,    24,  5529,  5212,   386,   533,   C8ON 569
     X   814,  1234,  2062,  3127,  4126,  4788,  4869,  4178,  3379,   C8ON 570
     X  2437,  1502,  1176,   866,   530,   442,   361,   292,   257,   C8ON 571
     X   268,    23,  5734,  4989,   384,   529,   822,  1283,  2168,   C8ON 572
     X  3139,  4045,  5329,  6279,  5801,  4248,  3229,  1939,  1458,   C8ON 573
     X  1152,   757,   566,   458,   308,   313,    21,  6144,  4544,   C8ON 574
     X   414,   564,   850,  1299,  2166,  3030,  4228,  6234,  7413,   C8ON 575
     X  6343,  5077,  4205,  3680,  2731,  2089,  1697,  1462,   985,   C8ON 576
     X    17,  6963,  3376,   411,   624,  1083,  1815,  2937,  4377,   C8ON 577
     X  7047,  9559, 11176, 12183,  8484,  8000,  3648,  3056,    10,   C8ON 578
     Y  7782/                                                           C8ON 579
      DATA MAP 29/                                                      C8ON 580
     X  1620,   578,   947,  1671,  3213,  5905, 10064, 23750,     3,   C8ON 581
     X  8601,     0,     3, 32767,     0,   473,  1000,     3,     0,   C8ON 582
     X     0,     3,  2308,     0,    11,  2334,  1821,    17,    12,   C8ON 583
     X    13,    12,    11,    11,     9,     9,    13,  2355,  2537,   C8ON 584
     X    31,    24,    23,    21,    19,    13,    10,     6,     5,   C8ON 585
     X     4,    16,  2396,  3189,    63,    45,    33,    19,    12,   C8ON 586
     X    10,     7,     6,     6,     5,     4,     4,     4,    18,   C8ON 587
     X  2457,  3635,   120,    89,    76,    42,    34,    28,    23,   C8ON 588
     X    19,    17,    12,     9,     8,     6,     6,     7,    21,   C8ON 589
     X  2662,  4555,   232,   222,   193,   161,   128,    93,    74,   C8ON 590
     X    54,    42,    30,    23,    20,    17,    16,    13,    10,   C8ON 591
     X     9,    11,    23,  2867,  5029,   265,   339,   367,   311,   C8ON 592
     X   253,   196,   130,    92,    70,    55,    44,    34,    27,   C8ON 593
     X    26,    25,    24,    25,    24,    27,    26,    25,  3072,   C8ON 594
     X  5422,   239,   284,   357,   413,   438,   393,   324,   262,   C8ON 595
     X   181,   129,    90,    67,    51,    40,    35,    32,    31,   C8ON 596
     X    30,    29,    30,    31,    31,    25,  3276,  5632,   318,   C8ON 597
     X   364,   398,   421,   474,   495,   460,   409,   359,   285,   C8ON 598
     Y   207/                                                           C8ON 599
      DATA MAP 30/                                                      C8ON 600
     X   161,   117,    88,    68,    54,    43,    35,    33,    31,   C8ON 601
     X    33,    34,    26,  3481,  5668,   335,   383,   477,   550,   C8ON 602
     X   602,   618,   604,   540,   484,   433,   340,   262,   210,   C8ON 603
     X   157,   121,    90,    69,    55,    45,    38,    36,    36,   C8ON 604
     X    36,    26,  3686,  5663,   363,   440,   541,   673,   774,   C8ON 605
     X   834,   771,   721,   659,   560,   462,   350,   287,   223,   C8ON 606
     X   168,   117,    70,    62,    58,    57,    59,    67,    68,   C8ON 607
     X    25,  3891,  5590,   394,   490,   631,   790,   952,  1021,   C8ON 608
     X   990,  1028,   952,   811,   623,   413,   310,   196,   173,   C8ON 609
     X   129,    91,    67,    65,    63,    63,    69,    25,  4096,   C8ON 610
     X  5488,   445,   542,   716,   960,  1213,  1347,  1488,  1376,   C8ON 611
     X  1210,  1024,   755,   559,   414,   319,   194,   153,    76,   C8ON 612
     X    62,    31,    22,    18,    18,    25,  4300,  5391,   462,   C8ON 613
     X   590,   821,  1156,  1506,  1776,  1937,  1738,  1462,  1053,   C8ON 614
     X   661,   516,   239,   216,    93,    88,    80,    78,    79,   C8ON 615
     X    81,    87,   100,    24,  4505,  5237,   471,   620,   912,   C8ON 616
     X  1389,  1906,  2324,  2226,  2161,  1802,  1323,   786,   606,   C8ON 617
     X   290,   247,   238,   237,   196,   143,    93,    72,    75,   C8ON 618
     Y    23/                                                           C8ON 619
      DATA MAP 31/                                                      C8ON 620
     X  4710,  5072,   438,   628,   996,  1485,  2229,  2784,  2591,   C8ON 621
     X  2347,  1973,  1660,  1001,   779,   581,   405,   283,   204,   C8ON 622
     X   161,   117,   124,   124,    23,  4915,  4894,   460,   622,   C8ON 623
     X   972,  1637,  2632,  3410,  3612,  3147,  2448,  1451,  1221,   C8ON 624
     X   448,   321,   234,   207,   207,   209,   221,   230,   239,   C8ON 625
     X    22,  5120,  4718,   427,   626,  1016,  1653,  2780,  3741,   C8ON 626
     X  4100,  3590,  2842,  2118,  1892,  1250,   922,   726,   421,   C8ON 627
     X   266,   186,   154,   131,    21,  5324,  4536,   404,   562,   C8ON 628
     X   898,  1587,  2846,  3671,  4353,  5169,  3553,  2892,  1829,   C8ON 629
     X  1194,   808,   415,   320,   263,   273,   297,    20,  5529,   C8ON 630
     X  4299,   428,   611,   988,  1616,  2678,  3862,  4871,  5531,   C8ON 631
     X  4787,  3764,  2683,  1593,  1260,   855,   550,   446,   368,   C8ON 632
     X    19,  5734,  4018,   465,   635,   992,  1701,  2809,  3985,   C8ON 633
     X  5472,  6788,  6300,  4673,  3412,  1959,  1459,  1127,   794,   C8ON 634
     X   605,    17,  6144,  3442,   449,   593,   893,  1427,  2226,   C8ON 635
     X  3228,  5654,  7596,  7913,  5856,  4834,  3891,  3162,  2365,   C8ON 636
     X    11,  6963,  1940,   512,   724,  1195,  2095,  3359,  5769,   C8ON 637
     X  9543, 13441,     3,  7782,     0,     3, 32767,     0,   400,   C8ON 638
     Y  2000/                                                           C8ON 639
      DATA MAP 32/                                                      C8ON 640
     X     3,     0,     0,     3,  2312,     0,    10,  2334,  1629,   C8ON 641
     X    17,    12,    13,    12,    11,    11,    11,    13,  2355,   C8ON 642
     X  2378,    31,    24,    23,    21,    19,    13,    10,     6,   C8ON 643
     X     5,     1,    16,  2396,  3134,    63,    45,    33,    19,   C8ON 644
     X    12,    10,     7,     6,     6,     5,     5,     3,     4,   C8ON 645
     X    18,  2457,  3612,   123,    90,    74,    41,    33,    29,   C8ON 646
     X    21,    19,    16,    12,     9,     8,     6,     6,     7,   C8ON 647
     X    21,  2662,  4406,   272,   239,   200,   157,   113,    85,   C8ON 648
     X    64,    49,    35,    26,    21,    18,    17,    14,    12,   C8ON 649
     X     9,    10,    11,    22,  2867,  4759,   367,   484,   372,   C8ON 650
     X   292,   201,   135,    98,    72,    55,    43,    35,    28,   C8ON 651
     X    26,    25,    25,    24,    25,    26,    26,    23,  3072,   C8ON 652
     X  4921,   380,   481,   555,   508,   426,   309,   193,   153,   C8ON 653
     X    97,    68,    52,    41,    36,    32,    32,    29,    30,   C8ON 654
     X    30,    31,    30,    23,  3276,  4891,   467,   585,   712,   C8ON 655
     X   675,   583,   483,   344,   259,   198,   141,    93,    73,   C8ON 656
     X    56,    44,    37,    33,    32,    32,    34,    33,    22,   C8ON 657
     X  3481,  4814,   472,   632,   806,   814,   782,   712,   616,   C8ON 658
     Y   447/                                                           C8ON 659
      DATA MAP 33/                                                      C8ON 660
     X   319,   239,   168,   121,    95,    69,    51,    43,    37,   C8ON 661
     X    34,    35,    22,  3686,  4705,   509,   703,   945,  1086,   C8ON 662
     X  1087,   961,   819,   603,   433,   342,   233,   140,   113,   C8ON 663
     X    63,    59,    59,    55,    61,    74,    21,  3891,  4579,   C8ON 664
     X   528,   770,  1122,  1432,  1348,  1319,  1133,   845,   525,   C8ON 665
     X   390,   227,   161,   143,    67,    66,    65,    63,    63,   C8ON 666
     X    21,  4096,  4420,   616,   923,  1383,  1763,  1770,  1561,   C8ON 667
     X  1329,  1062,   746,   572,   433,   258,   180,   130,    92,   C8ON 668
     X    44,    29,    25,    20,  4300,  4288,   660,   983,  1489,   C8ON 669
     X  2015,  2310,  1918,  1562,  1191,   796,   624,   277,   267,   C8ON 670
     X   104,    88,    86,    83,    83,    20,  4505,  4134,   633,   C8ON 671
     X   983,  1581,  2245,  2656,  2372,  2104,  1930,   923,   903,   C8ON 672
     X   349,   279,   242,   241,   217,   186,   109,    19,  4710,   C8ON 673
     X  3916,   664,  1059,  1747,  2531,  2999,  2812,  2408,  2092,   C8ON 674
     X  1194,   964,   713,   514,   369,   238,   188,   131,    18,   C8ON 675
     X  4915,  3717,   632,  1045,  1805,  2778,  3685,  4323,  3029,   C8ON 676
     X  2374,  1503,   680,   453,   250,   211,   211,   225,    17,   C8ON 677
     X  5120,  3504,   581,   997,  1766,  2837,  3926,  4569,  3717,   C8ON 678
     Y  3120/                                                           C8ON 679
      DATA MAP 34/                                                      C8ON 680
     X  2222,  1638,  1233,   898,   493,   356,    16,  5324,  3264,   C8ON 681
     X   555,   892,  1707,  2713,  3678,  4706,  5138,  3845,  2834,   C8ON 682
     X  1687,  1314,   725,   500,    15,  5529,  2944,   584,   924,   C8ON 683
     X  1698,  2818,  4114,  5429,  6089,  4712,  4264,  2016,  1585,   C8ON 684
     X  1083,    14,  5734,  2591,   513,   805,  1557,  2705,  4143,   C8ON 685
     X  6432,  8251,  5994,  5190,  2656,  1917,    11,  6144,  1804,   C8ON 686
     X   509,   724,  1211,  2046,  3043,  5020,  8322,  9479,     4,   C8ON 687
     X  6963,    22,  1965,     3,  7782,     0,     3, 32767,     0,   C8ON 688
     X   356,  3000,     3,     0,     0,     3,  2315,     0,     9,   C8ON 689
     X  2334,  1457,    17,    12,    13,    12,    12,    10,    12,   C8ON 690
     X  2355,  2243,    31,    24,    23,    21,    19,    13,    10,   C8ON 691
     X     6,     7,    16,  2396,  3094,    63,    45,    33,    19,   C8ON 692
     X    12,    10,     7,     6,     6,     5,     5,     3,     4,   C8ON 693
     X    18,  2457,  3589,   123,    95,    71,    41,    33,    27,   C8ON 694
     X    22,    19,    15,    12,     9,     8,     6,     6,     7,   C8ON 695
     X    20,  2662,  4329,   285,   244,   203,   155,   106,    84,   C8ON 696
     X    60,    46,    35,    27,    21,    17,    16,    14,    10,   C8ON 697
     X    10,    11,    22,  2867,  4648,   442,   472,   388,   296,   C8ON 698
     Y   168/                                                           C8ON 699
      DATA MAP 35/                                                      C8ON 700
     X   125,    88,    60,    54,    40,    32,    27,    26,    24,   C8ON 701
     X    25,    25,    25,    27,    27,    22,  3072,  4687,   554,   C8ON 702
     X   639,   571,   505,   316,   225,   170,   103,    76,    58,   C8ON 703
     X    42,    36,    33,    31,    29,    30,    30,    31,    31,   C8ON 704
     X    22,  3276,  4612,   625,   792,   793,   690,   558,   351,   C8ON 705
     X   274,   210,   141,   106,    77,    55,    43,    37,    33,   C8ON 706
     X    32,    32,    34,    33,    21,  3481,  4415,   727,   921,   C8ON 707
     X   974,   890,   757,   650,   444,   303,   217,   155,   121,   C8ON 708
     X    90,    63,    48,    40,    35,    36,    39,    20,  3686,   C8ON 709
     X  4249,   764,  1048,  1256,  1229,  1089,   830,   575,   452,   C8ON 710
     X   337,   174,   168,    69,    63,    60,    57,    56,    63,   C8ON 711
     X    19,  3891,  4096,   732,  1091,  1545,  1527,  1460,  1319,   C8ON 712
     X   799,   618,   364,   222,   171,   109,    74,    65,    65,   C8ON 713
     X    63,    19,  4096,  3855,   988,  1449,  1963,  1957,  1790,   C8ON 714
     X  1260,   990,   811,   541,   387,   296,   193,   100,   100,   C8ON 715
     X    38,    30,    18,  4300,  3672,   945,  1440,  2125,  2362,   C8ON 716
     X  2093,  1646,  1242,   927,   672,   325,   279,   129,    95,   C8ON 717
     X    89,    90,    17,  4505,  3465,   941,  1434,  2274,  2730,   C8ON 718
     Y  2600/                                                           C8ON 719
      DATA MAP 36/                                                      C8ON 720
     X  2295,  1887,  1175,   831,   456,   295,   237,   242,   235,   C8ON 721
     X    16,  4710,  3209,   973,  1612,  2430,  3367,  3054,  2649,   C8ON 722
     X  1957,  1348,   990,   754,   500,   408,   255,    15,  4915,   C8ON 723
     X  2972,   926,  1625,  2792,  3926,  4488,  3691,  2001,  1828,   C8ON 724
     X   583,   468,   266,   207,    14,  5120,  2727,   868,  1676,   C8ON 725
     X  2862,  3990,  4853,  3951,  3250,  2282,  1710,  1329,   794,   C8ON 726
     X    13,  5324,  2450,   793,  1427,  2595,  3683,  4146,  5234,   C8ON 727
     X  4349,  3117,  1956,  1518,    12,  5529,  2114,   718,  1195,   C8ON 728
     X  2178,  3600,  5100,  6486,  5691,  5333,  2477,    10,  5734,   C8ON 729
     X  1753,   564,   952,  1940,  3447,  5390,  7337,  8574,     7,   C8ON 730
     X  6144,   836,   576,   814,  1407,  2953,     3,  6963,     0,   C8ON 731
     X     3, 32767,     0,   308,  5000,     3,     0,     0,     3,   C8ON 732
     X  2321,     0,     8,  2334,  1233,    17,    12,    13,    12,   C8ON 733
     X    12,    11,  2355,  2016,    31,    24,    23,    21,    19,   C8ON 734
     X    13,    10,     6,    15,  2396,  3025,    63,    45,    33,   C8ON 735
     X    19,    12,    10,     7,     6,     6,     5,     4,     4,   C8ON 736
     X    17,  2457,  3541,   123,    94,    75,    42,    33,    26,   C8ON 737
     X    21,    19,    14,    12,     8,     8,     6,     6,    20,   C8ON 738
     Y  2662/                                                           C8ON 739
      DATA MAP 37/                                                      C8ON 740
     X  4236,   288,   246,   204,   156,   103,    83,    57,    42,   C8ON 741
     X    33,    27,    23,    19,    17,    16,    12,    11,     9,   C8ON 742
     X    21,  2867,  4517,   479,   483,   394,   267,   186,   106,   C8ON 743
     X    76,    60,    53,    44,    30,    26,    25,    25,    23,   C8ON 744
     X    24,    24,    25,    21,  3072,  4480,   757,   682,   600,   C8ON 745
     X   385,   277,   210,   121,    92,    68,    52,    39,    34,   C8ON 746
     X    32,    30,    29,    29,    29,    31,    20,  3276,  4347,   C8ON 747
     X   902,   882,   792,   659,   421,   341,   230,   159,   124,   C8ON 748
     X    93,    65,    46,    36,    32,    31,    31,    33,    20,   C8ON 749
     X  3481,  4100,   916,  1152,  1056,   914,   684,   478,   361,   C8ON 750
     X   228,   177,   140,   117,    66,    53,    42,    35,    35,   C8ON 751
     X    40,    19,  3686,  3882,   941,  1293,  1397,  1246,  1011,   C8ON 752
     X   650,   504,   369,   226,   168,   127,    74,    61,    60,   C8ON 753
     X    57,    58,    18,  3891,  3611,   987,  1439,  1692,  1631,   C8ON 754
     X  1450,   984,   749,   438,   263,   196,   113,    82,    67,   C8ON 755
     X    66,    64,    16,  4096,  3313,  1262,  2001,  2137,  1958,   C8ON 756
     X  1565,  1097,   882,   681,   429,   344,   200,   128,   111,   C8ON 757
     X    15,  4300,  3036,  1344,  2080,  2450,  2291,  1930,  1335,   C8ON 758
     Y  1052/                                                           C8ON 759
      DATA MAP 38/                                                      C8ON 760
     X   745,   407,   343,   149,   116,    14,  4505,  2745,  1309,   C8ON 761
     X  2076,  2686,  2679,  2466,  2147,  1374,  1112,   502,   401,   C8ON 762
     X   272,    13,  4710,  2428,  1374,  2244,  3341,  3171,  2816,   C8ON 763
     X  2214,  1560,  1158,   852,   727,    12,  4915,  2118,  1330,   C8ON 764
     X  2260,  3864,  4654,  4022,  2652,  2017,   887,   641,    11,   C8ON 765
     X  5120,  1799,  1432,  2705,  4025,  5075,  4615,  3688,  2447,   C8ON 766
     X  1958,     9,  5324,  1456,  1349,  2216,  3821,  3992,  4773,   C8ON 767
     X  4697,     8,  5529,  1058,   971,  1678,  2954,  4556,  6312,   C8ON 768
     X     6,  5734,   618,   656,  1147,  3056,     3,  6144,     0,   C8ON 769
     X     3, 32767,     0,   249, 10000,     3,     0,     0,     3,   C8ON 770
     X  2334,     0,    10,  2355,  1555,    31,    24,    23,    21,   C8ON 771
     X    19,    13,    12,    15,  2396,  2845,    63,    45,    33,   C8ON 772
     X    19,    12,    10,     7,     6,     6,     5,     5,     3,   C8ON 773
     X    17,  2457,  3400,   120,    93,    76,    41,    36,    30,   C8ON 774
     X    25,    16,    13,    10,     8,     7,     6,     6,    19,   C8ON 775
     X  2662,  4017,   303,   248,   202,   143,   101,    80,    53,   C8ON 776
     X    37,    30,    25,    23,    22,    18,    18,    16,    12,   C8ON 777
     X    20,  2867,  4267,   487,   475,   388,   270,   195,   104,   C8ON 778
     Y    74/                                                           C8ON 779
      DATA MAP 39/                                                      C8ON 780
     X    59,    49,    42,    31,    23,    25,    25,    24,    24,   C8ON 781
     X    25,    20,  3072,  4226,   772,   673,   577,   385,   285,   C8ON 782
     X   216,   122,    93,    66,    49,    37,    34,    33,    30,   C8ON 783
     X    30,    28,    30,    19,  3276,  3988,   933,   872,   782,   C8ON 784
     X   678,   429,   345,   217,   156,   123,    87,    54,    43,   C8ON 785
     X    36,    33,    30,    30,    18,  3481,  3695,  1035,  1115,   C8ON 786
     X  1011,   843,   570,   457,   355,   263,   217,   168,   153,   C8ON 787
     X    71,    60,    49,    38,    17,  3686,  3408,   963,  1181,   C8ON 788
     X  1250,  1150,   971,   626,   493,   376,   276,   207,   171,   C8ON 789
     X   142,   109,    70,    15,  3891,  3072,   949,  1281,  1498,   C8ON 790
     X  1450,  1316,  1193,   769,   649,   370,   228,   193,    99,   C8ON 791
     X    14,  4096,  2684,  1245,  1668,  2081,  1966,  1729,  1107,   C8ON 792
     X   900,   741,   472,   341,   246,    13,  4300,  2326,  1406,   C8ON 793
     X  1933,  2357,  2249,  1921,  1363,  1074,   819,   443,   353,   C8ON 794
     X    11,  4505,  1923,  1498,  1985,  2597,  2582,  2294,  1940,   C8ON 795
     X  1468,  1149,     9,  4710,  1527,  1291,  1811,  2800,  2930,   C8ON 796
     X  2776,  2460,     8,  4915,  1082,  1395,  2062,  3312,  3893,   C8ON 797
     X  4591,     6,  5120,   665,  1495,  2923,  4786,     4,  5324,   C8ON 798
     Y   174/                                                           C8ON 799
      DATA MAP 40/                                                      C8ON 800
     X  1699,     3,  5529,     0,     3, 32767,     0,   194, 20000,   C8ON 801
     X     3,     0,     0,     3,  2347,     0,     7,  2355,   797,   C8ON 802
     X    31,    24,    23,    21,    13,  2396,  2490,    64,    44,   C8ON 803
     X    33,    19,    12,    10,     7,     6,     6,     6,    15,   C8ON 804
     X  2457,  3038,   113,    88,    73,    44,    33,    28,    22,   C8ON 805
     X    18,    15,    13,    11,    10,    18,  2662,  3591,   307,   C8ON 806
     X   248,   201,   134,    96,    72,    48,    36,    29,    24,   C8ON 807
     X    21,    21,    23,    21,    20,    18,  2867,  3790,   472,   C8ON 808
     X   483,   380,   267,   198,    93,    61,    48,    40,    39,   C8ON 809
     X    37,    32,    25,    24,    27,    18,  3072,  3725,   769,   C8ON 810
     X   649,   526,   358,   284,   219,   153,   105,    67,    48,   C8ON 811
     X    35,    27,    27,    35,    36,    17,  3276,  3389,   836,   C8ON 812
     X   770,   723,   683,   477,   367,   244,   155,   124,    99,   C8ON 813
     X    76,    68,    47,    41,    15,  3481,  3049,   819,   984,   C8ON 814
     X   883,   749,   572,   453,   371,   314,   208,   237,   262,   C8ON 815
     X   176,    14,  3686,  2701,   829,   969,   953,   888,   805,   C8ON 816
     X   614,   524,   429,   334,   275,   211,    13,  3891,  2319,   C8ON 817
     X   663,   925,  1239,  1206,  1098,  1006,   969,   789,   675,   C8ON 818
     Y   534/                                                           C8ON 819
      DATA MAP 41/                                                      C8ON 820
     X    11,  4096,  1858,   934,  1448,  1759,  1805,  1634,  1303,   C8ON 821
     X   998,   866,     9,  4300,  1402,   903,  1391,  2227,  2362,   C8ON 822
     X  2063,  1579,     7,  4505,   856,  1286,  1601,  2390,  2881,   C8ON 823
     X     5,  4710,   283,  1313,  1680,     3,  4915,     0,     3,   C8ON 824
     X 32767,     0,   130, 40000,     3,     0,     0,     3,  2363,   C8ON 825
     X     0,    11,  2396,  1821,    63,    45,    33,    19,    12,   C8ON 826
     X    10,     7,     6,    13,  2457,  2307,    82,    70,    60,   C8ON 827
     X    52,    33,    26,    22,    20,    16,    15,    14,  2662,   C8ON 828
     X  2792,   262,   235,   192,   152,    88,    68,    50,    40,   C8ON 829
     X    35,    30,    25,    15,  2867,  2941,   413,   527,   358,   C8ON 830
     X   266,   209,    73,    52,    42,    33,    25,    20,    21,   C8ON 831
     X    15,  3072,  2821,   710,   614,   557,   305,   248,   200,   C8ON 832
     X   166,   129,    91,    69,    49,    42,    13,  3276,  2454,   C8ON 833
     X   675,   589,   445,   494,   524,   415,   346,   281,   196,   C8ON 834
     X   132,    11,  3481,  2040,   605,   685,   723,   674,   603,   C8ON 835
     X   410,   339,   308,    10,  3686,  1613,   586,   615,   615,   C8ON 836
     X   682,   708,   658,   560,     8,  3891,  1074,   591,   725,   C8ON 837
     X   841,  1013,  1106,     6,  4096,   521,   880,  1122,  1201,   C8ON 838
     Y     3/                                                           C8ON 839
      DATA MAP 42/                                                      C8ON 840
     X  4300,     0,     3, 32767,     0,                               C8ON 841
     Y     0/                                                           C8ON 842
      END                                                               C8ON 843
