#-----------------------------------------------------------------------
#
#  @(#)CLUSTER_Plasma_Density_By_S_C_Pot_001	1.1    01/05/05    UCB SSL
#
#-----------------------------------------------------------------------



#  This file contains the CLUSTER plasma density,
#  as a function of the spacecraft potential.



#  This file is machine-generated.
#  DO NOT EDIT THIS FILE; any changes you make may be lost.



#  The function is a sum of exponential functions,
#  provided by Dr. Jim McFadden
#  (University of California, Berkeley,
#  Space Sciences Laboratory).
#
#  It comes from a fit to the CLUSTER electron density data.



# S_C_Pot               n
#  (Volt)           (cm^(-3))



    0.000         4.947000e+02
   -0.200         4.074376e+02
   -0.400         3.360779e+02
   -0.600         2.776938e+02
   -0.800         2.298989e+02
   -1.000         1.907476e+02
   -1.200         1.586531e+02
   -1.400         1.323216e+02
   -1.600         1.106979e+02
   -1.800         9.292115e+01
   -2.000         7.828923e+01
   -2.200         6.622927e+01
   -2.400         5.627376e+01
   -2.600         4.804118e+01
   -2.800         4.122004e+01
   -3.000         3.555600e+01
   -3.200         3.084135e+01
   -3.400         2.690636e+01
   -3.600         2.361232e+01
   -3.800         2.084581e+01
   -4.000         1.851406e+01
   -4.200         1.654114e+01
   -4.400         1.486489e+01
   -4.600         1.343433e+01
   -4.800         1.220770e+01
   -5.000         1.115071e+01
   -5.200         1.023518e+01
   -5.400         9.437958e+00
   -5.600         8.739961e+00
   -5.800         8.125468e+00
   -6.000         7.581496e+00
   -6.200         7.097309e+00
   -6.400         6.664012e+00
   -6.600         6.274218e+00
   -6.800         5.921783e+00
   -7.000         5.601581e+00
   -7.200         5.309324e+00
   -7.400         5.041416e+00
   -7.600         4.794832e+00
   -7.800         4.567017e+00
   -8.000         4.355804e+00
   -8.200         4.159353e+00
   -8.400         3.976090e+00
   -8.600         3.804666e+00
   -8.800         3.643916e+00
   -9.000         3.492836e+00
   -9.200         3.350550e+00
   -9.400         3.216294e+00
   -9.600         3.089395e+00
   -9.800         2.969263e+00
  -10.000         2.855373e+00
  -10.200         2.747258e+00
  -10.400         2.644500e+00
  -10.600         2.546726e+00
  -10.800         2.453598e+00
  -11.000         2.364810e+00
  -11.200         2.280085e+00
  -11.400         2.199170e+00
  -11.600         2.121833e+00
  -11.800         2.047864e+00
  -12.000         1.977066e+00
  -12.200         1.909261e+00
  -12.400         1.844282e+00
  -12.600         1.781975e+00
  -12.800         1.722199e+00
  -13.000         1.664819e+00
  -13.200         1.609713e+00
  -13.400         1.556766e+00
  -13.600         1.505869e+00
  -13.800         1.456922e+00
  -14.000         1.409831e+00
  -14.200         1.364507e+00
  -14.400         1.320868e+00
  -14.600         1.278834e+00
  -14.800         1.238332e+00
  -15.000         1.199295e+00
  -15.200         1.161655e+00
  -15.400         1.125352e+00
  -15.600         1.090327e+00
  -15.800         1.056526e+00
  -16.000         1.023896e+00
  -16.200         9.923897e-01
  -16.400         9.619589e-01
  -16.600         9.325601e-01
  -16.800         9.041514e-01
  -17.000         8.766932e-01
  -17.200         8.501476e-01
  -17.400         8.244790e-01
  -17.600         7.996532e-01
  -17.800         7.756378e-01
  -18.000         7.524020e-01
  -18.200         7.299163e-01
  -18.400         7.081529e-01
  -18.600         6.870848e-01
  -18.800         6.666867e-01
  -19.000         6.469341e-01
  -19.200         6.278039e-01
  -19.400         6.092738e-01
  -19.600         5.913224e-01
  -19.800         5.739295e-01
  -20.000         5.570757e-01
  -20.200         5.407421e-01
  -20.400         5.249110e-01
  -20.600         5.095652e-01
  -20.800         4.946883e-01
  -21.000         4.802644e-01
  -21.200         4.662785e-01
  -21.400         4.527160e-01
  -21.600         4.395629e-01
  -21.800         4.268058e-01
  -22.000         4.144318e-01
  -22.200         4.024284e-01
  -22.400         3.907836e-01
  -22.600         3.794861e-01
  -22.800         3.685245e-01
  -23.000         3.578884e-01
  -23.200         3.475674e-01
  -23.400         3.375515e-01
  -23.600         3.278313e-01
  -23.800         3.183974e-01
  -24.000         3.092409e-01
  -24.200         3.003534e-01
  -24.400         2.917264e-01
  -24.600         2.833519e-01
  -24.800         2.752223e-01
  -25.000         2.673299e-01
  -25.200         2.596677e-01
  -25.400         2.522286e-01
  -25.600         2.450059e-01
  -25.800         2.379930e-01
  -26.000         2.311836e-01
  -26.200         2.245717e-01
  -26.400         2.181512e-01
  -26.600         2.119165e-01
  -26.800         2.058621e-01
  -27.000         1.999825e-01
  -27.200         1.942726e-01
  -27.400         1.887274e-01
  -27.600         1.833419e-01
  -27.800         1.781116e-01
  -28.000         1.730317e-01
  -28.200         1.680979e-01
  -28.400         1.633060e-01
  -28.600         1.586516e-01
  -28.800         1.541309e-01
  -29.000         1.497398e-01
  -29.200         1.454747e-01
  -29.400         1.413318e-01
  -29.600         1.373076e-01
  -29.800         1.333987e-01
  -30.000         1.296016e-01
  -30.200         1.259131e-01
  -30.400         1.223302e-01
  -30.600         1.188497e-01
  -30.800         1.154686e-01
  -31.000         1.121842e-01
  -31.200         1.089935e-01
  -31.400         1.058940e-01
  -31.600         1.028829e-01
  -31.800         9.995775e-02
  -32.000         9.711604e-02
  -32.200         9.435538e-02
  -32.400         9.167343e-02
  -32.600         8.906794e-02
  -32.800         8.653670e-02
  -33.000         8.407760e-02
  -33.200         8.168854e-02
  -33.400         7.936754e-02
  -33.600         7.711264e-02
  -33.800         7.492193e-02
  -34.000         7.279360e-02
  -34.200         7.072584e-02
  -34.400         6.871694e-02
  -34.600         6.676519e-02
  -34.800         6.486898e-02
  -35.000         6.302671e-02
  -35.200         6.123685e-02
  -35.400         5.949788e-02
  -35.600         5.780838e-02
  -35.800         5.616691e-02
  -36.000         5.457211e-02
  -36.200         5.302265e-02
  -36.400         5.151723e-02
  -36.600         5.005461e-02
  -36.800         4.863355e-02
  -37.000         4.725288e-02
  -37.200         4.591145e-02
  -37.400         4.460813e-02
  -37.600         4.334184e-02
  -37.800         4.211153e-02
  -38.000         4.091616e-02
  -38.200         3.975476e-02
  -38.400         3.862635e-02
  -38.600         3.752999e-02
  -38.800         3.646476e-02
  -39.000         3.542980e-02
  -39.200         3.442422e-02
  -39.400         3.344720e-02
  -39.600         3.249793e-02
  -39.800         3.157561e-02
  -40.000         3.067948e-02
  -40.200         2.980879e-02
  -40.400         2.896283e-02
  -40.600         2.814089e-02
  -40.800         2.734228e-02
  -41.000         2.656634e-02
  -41.200         2.581243e-02
  -41.400         2.507993e-02
  -41.600         2.436821e-02
  -41.800         2.367670e-02
  -42.000         2.300482e-02
  -42.200         2.235202e-02
  -42.400         2.171774e-02
  -42.600         2.110146e-02
  -42.800         2.050268e-02
  -43.000         1.992090e-02
  -43.200         1.935562e-02
  -43.400         1.880639e-02
  -43.600         1.827275e-02
  -43.800         1.775425e-02
  -44.000         1.725047e-02
  -44.200         1.676099e-02
  -44.400         1.628539e-02
  -44.600         1.582330e-02
  -44.800         1.537432e-02
  -45.000         1.493808e-02
  -45.200         1.451422e-02
  -45.400         1.410239e-02
  -45.600         1.370224e-02
  -45.800         1.331345e-02
  -46.000         1.293570e-02
  -46.200         1.256866e-02
  -46.400         1.221204e-02
  -46.600         1.186554e-02
  -46.800         1.152887e-02
  -47.000         1.120175e-02
  -47.200         1.088392e-02
  -47.400         1.057510e-02
  -47.600         1.027505e-02
  -47.800         9.983515e-03
  -48.000         9.700250e-03
  -48.200         9.425023e-03
  -48.400         9.157605e-03
  -48.600         8.897775e-03
  -48.800         8.645318e-03
  -49.000         8.400024e-03
  -49.200         8.161691e-03
  -49.400         7.930120e-03
  -49.600         7.705119e-03
  -49.800         7.486503e-03
  -50.000         7.274090e-03
  -50.200         7.067704e-03
  -50.400         6.867174e-03
  -50.600         6.672333e-03
  -50.800         6.483021e-03
  -51.000         6.299081e-03
  -51.200         6.120359e-03
  -51.400         5.946709e-03
  -51.600         5.777986e-03
  -51.800         5.614049e-03
  -52.000         5.454765e-03
  -52.200         5.299999e-03
  -52.400         5.149625e-03
  -52.600         5.003518e-03
  -52.800         4.861556e-03
  -53.000         4.723622e-03
  -53.200         4.589601e-03
  -53.400         4.459383e-03
  -53.600         4.332860e-03
  -53.800         4.209927e-03
  -54.000         4.090481e-03
  -54.200         3.974425e-03
  -54.400         3.861661e-03
  -54.600         3.752097e-03
  -54.800         3.645641e-03
  -55.000         3.542206e-03
  -55.200         3.441706e-03
  -55.400         3.344057e-03
  -55.600         3.249178e-03
  -55.800         3.156992e-03
  -56.000         3.067421e-03
  -56.200         2.980391e-03
  -56.400         2.895831e-03
  -56.600         2.813670e-03
  -56.800         2.733840e-03
  -57.000         2.656275e-03
  -57.200         2.580911e-03
  -57.400         2.507685e-03
  -57.600         2.436536e-03
  -57.800         2.367406e-03
  -58.000         2.300238e-03
  -58.200         2.234975e-03
  -58.400         2.171564e-03
  -58.600         2.109952e-03
  -58.800         2.050088e-03
  -59.000         1.991923e-03
  -59.200         1.935408e-03
  -59.400         1.880496e-03
  -59.600         1.827143e-03
  -59.800         1.775303e-03
  -60.000         1.724934e-03
  -60.200         1.675994e-03
  -60.400         1.628442e-03
  -60.600         1.582240e-03
  -60.800         1.537348e-03
  -61.000         1.493730e-03
  -61.200         1.451350e-03
  -61.400         1.410172e-03
  -61.600         1.370163e-03
  -61.800         1.331288e-03
  -62.000         1.293517e-03
  -62.200         1.256817e-03
  -62.400         1.221159e-03
  -62.600         1.186512e-03
  -62.800         1.152848e-03
  -63.000         1.120139e-03
  -63.200         1.088359e-03
  -63.400         1.057480e-03
  -63.600         1.027477e-03
  -63.800         9.983251e-04
  -64.000         9.700005e-04
  -64.200         9.424796e-04
  -64.400         9.157395e-04
  -64.600         8.897581e-04
  -64.800         8.645138e-04
  -65.000         8.399858e-04
  -65.200         8.161536e-04
  -65.400         7.929977e-04
  -65.600         7.704987e-04
  -65.800         7.486380e-04
  -66.000         7.273976e-04
  -66.200         7.067599e-04
  -66.400         6.867076e-04
  -66.600         6.672243e-04
  -66.800         6.482938e-04
  -67.000         6.299004e-04
  -67.200         6.120288e-04
  -67.400         5.946643e-04
  -67.600         5.777924e-04
  -67.800         5.613993e-04
  -68.000         5.454712e-04
  -68.200         5.299951e-04
  -68.400         5.149580e-04
  -68.600         5.003476e-04
  -68.800         4.861517e-04
  -69.000         4.723586e-04
  -69.200         4.589568e-04
  -69.400         4.459352e-04
  -69.600         4.332831e-04
  -69.800         4.209900e-04
  -70.000         4.090457e-04
  -70.200         3.974402e-04
  -70.400         3.861640e-04
  -70.600         3.752077e-04
  -70.800         3.645623e-04
  -71.000         3.542189e-04
  -71.200         3.441690e-04
  -71.400         3.344042e-04
  -71.600         3.249165e-04
  -71.800         3.156980e-04
  -72.000         3.067410e-04
  -72.200         2.980381e-04
  -72.400         2.895821e-04
  -72.600         2.813661e-04
  -72.800         2.733832e-04
  -73.000         2.656267e-04
  -73.200         2.580903e-04
  -73.400         2.507678e-04
  -73.600         2.436530e-04
  -73.800         2.367401e-04
  -74.000         2.300233e-04
  -74.200         2.234970e-04
  -74.400         2.171560e-04
  -74.600         2.109948e-04
  -74.800         2.050084e-04
  -75.000         1.991919e-04
  -75.200         1.935405e-04
  -75.400         1.880493e-04
  -75.600         1.827140e-04
  -75.800         1.775300e-04
  -76.000         1.724931e-04
  -76.200         1.675991e-04
  -76.400         1.628440e-04
  -76.600         1.582238e-04
  -76.800         1.537346e-04
  -77.000         1.493729e-04
  -77.200         1.451349e-04
  -77.400         1.410171e-04
  -77.600         1.370161e-04
  -77.800         1.331287e-04
  -78.000         1.293516e-04
  -78.200         1.256816e-04
  -78.400         1.221158e-04
  -78.600         1.186511e-04
  -78.800         1.152847e-04
  -79.000         1.120139e-04
  -79.200         1.088358e-04
  -79.400         1.057479e-04
  -79.600         1.027476e-04
  -79.800         9.983245e-05
  -80.000         9.700000e-05
