Tables of exospheric zonal harmonic expansion coefficients from
Hodges, R.R., "Monte Carlo Simulation of the terestrial exosphere"
               J. Geophys. Res., 99, 23229-23247, 1994

_________________________________________________________________________________________________________
Table 2.  Equinox, F10.7 = 80
radius    N      A10   A11   B11   A20   A21   B21   A22   B22   A30   A31   B31   A32   B32   A33   B33 
_________________________________________________________________________________________________________
 6640  304534      0 -2513 -5165 -3469     0     0  -233   -21     0  -172   626     0     0   -87   477
 6648  289653      0 -2465 -5142 -3362     0     0  -196   -47     0  -147   594     0     0   -54   430
 6663  268371      0 -2358 -5087 -3289     0     0  -258   -81     0  -178   576     0     0   -90   418
 6686  244601      0 -2322 -5070 -3186     0     0  -232     3     0  -197   562     0     0  -104   380
 6717  221993      0 -2249 -4972 -3156     0     0  -217   -26     0  -175   547     0     0   -50   398
 6756  200616      0 -2152 -4907 -3101     0     0  -178   -81     0  -206   510     0     0  -126   373
 6803  180510      0 -2056 -4765 -2994     0     0  -183   -67     0  -215   486     0     0  -142   369
 6859  161442      0 -1968 -4634 -2907     0     0  -162   -69     0  -200   438     0     0  -100   323
 6925  144337      0 -1864 -4493 -2810     0     0  -175   -85     0  -212   399     0     0   -75   319
 7000  129297      0 -1774 -4382 -2699     0     0  -147   -66     0  -203   360     0     0   -78   315
 7085  115175      0 -1698 -4249 -2600     0     0  -122   -69     0  -217   329     0     0  -100   290
 7182  101933      0 -1558 -4113 -2475     0     0  -141  -109     0  -230   276     0     0  -102   308
 7290   89745      0 -1470 -3972 -2403     0     0  -127  -110     0  -212   259     0     0  -112   248
 7410   78288      0 -1368 -3783 -2265     0     0   -96  -133     0  -197   227     0     0  -129   237
 7545   67967      0 -1240 -3605 -2072     0     0   -94   -92     0  -165   201     0     0   -66   222
 7695   58341      0 -1100 -3475 -1933     0     0   -72   -81     0  -219   168     0     0   -73   165
 7861   49710      0  -982 -3249 -1807     0     0  -103   -85     0  -174   183     0     0   -72   191
 8046   42087      0  -829 -3022 -1659     0     0   -59   -48     0  -167   196     0     0   -35   170
 8252   35260      0  -673 -2844 -1595     0     0   -49   -79     0  -145   119     0     0    10   203
 8481   29359      0  -542 -2601 -1516     0     0   -45   -98     0   -83    15     0     0   -23   105
 8736   24204      0  -450 -2376 -1373     0     0   -56  -137     0  -124    51     0     0   -32   121
 9021   19765      0  -388 -2047 -1247     0     0    28   -76     0  -161    10     0     0   -75   140
 9340   16030      0  -324 -1836 -1155     0     0   -36   -26     0  -192   -72     0     0     6   115
 9698   12877      0  -275 -1594  -991     0     0   -59    -6     0  -156  -124     0     0   -55    34
10103   10254      0  -139 -1389  -820     0     0    -2  -120     0  -192   -31     0     0   -16   -28
10562    8102      0   -37 -1112  -746     0     0   -10   -37     0   -38    -2     0     0    28    40
11086    6338      0   -96  -973  -857     0     0    37  -110     0    15    -4     0     0   -23    81
11688    4922      0    65  -808  -762     0     0   -52   -83     0    94   -96     0     0   -55   139
12386    3796      0   255  -508  -748     0     0   -31  -110     0   111   -85     0     0    12   148
13202    2863      0   141  -208  -689     0     0   104  -176     0    59   150     0     0  -139   183
14169    2170      0   -91  -134  -637     0     0   235  -209     0  -118   135     0     0  -107   197
15328    1608      0  -232   -65  -853     0     0   349  -109     0  -230   154     0     0    12   165
16743    1177      0  -192   -17 -1030     0     0    73   -88     0   -86   -86     0     0    70    66
18505     845      0  -178   119 -1235     0     0   369  -103     0  -162   152     0     0   227  -116
20757     602      0  -318   -83 -1534     0     0   521    19     0   185   259     0     0   211  -312
23731     415      0  -289  -111 -1754     0     0   906    56     0   238   179     0     0   -88  -502
27839     270      0   274    64 -2754     0     0  1159   143     0   221  -193     0     0   -37  -209
33877     161      0  -271   101 -3324     0     0  1655   332     0   483    15     0     0  -136  -195
43629      81      0  -842   -55 -3818     0     0  2137  -223     0   293   141     0     0  -162  -420
62126      28      0 -2675  -284 -4274     0     0  3091  -242     0   104    84     0     0  -477  -354

_________________________________________________________________________________________________________
Table 3.  Solstice, F10.7 = 80
radius    N      A10   A11   B11   A20   A21   B21   A22   B22   A30   A31   B31   A32   B32   A33   B33 
_________________________________________________________________________________________________________
 6640  388428  -5497 -2313 -4984 -3177   -48   827  -189  -246   922  -129   498   303   576  -129   337
 6648  369317  -5330 -2269 -4953 -3107   -58   815  -157  -207   853  -131   504   273   564  -104   323
 6663  342267  -5240 -2217 -4907 -3058   -61   801  -136  -215   824  -146   473   255   538  -149   313
 6686  312710  -5166 -2184 -4833 -2978   -17   750  -103  -205   813  -152   451   233   514  -180   335
 6717  283203  -5040 -2090 -4758 -2955   -33   704  -118  -230   833  -140   426   242   492  -179   348
 6756  255394  -4920 -1988 -4659 -2866   -71   675  -147  -207   781  -118   381   185   478  -146   307
 6803  228438  -4806 -1894 -4568 -2809   -86   650  -117  -207   776  -121   359   178   467  -153   322
 6859  204041  -4693 -1805 -4476 -2719   -88   639   -86  -218   749  -106   316   178   462  -155   303
 6925  182661  -4539 -1729 -4380 -2680   -74   557   -72  -237   688   -86   320   157   429  -151   284
 7000  163397  -4366 -1683 -4225 -2582  -120   508   -69  -231   637  -117   308   142   415  -169   273
 7085  145535  -4168 -1581 -4068 -2452  -124   490   -69  -225   589  -135   233    98   385  -166   226
 7182  128635  -3945 -1495 -3934 -2390   -85   430   -47  -218   520  -156   252    81   372  -160   211
 7290  112967  -3701 -1412 -3777 -2244  -122   369   -41  -219   470  -139   200    86   394  -150   222
 7410   98366  -3432 -1244 -3555 -2155  -134   284     8  -201   490  -180   163    41   389  -143   159
 7545   84865  -3219 -1139 -3384 -2017  -153   227    36  -208   470  -150   135     9   368  -149   187
 7695   72741  -2969 -1023 -3199 -1929  -148   197    21  -189   445  -203   176    46   313  -143   166
 7861   61755  -2725  -938 -2993 -1825  -137   157     5  -130   392  -188    84    92   296  -100   172
 8046   52012  -2390  -770 -2854 -1775  -182    83    31  -145   329  -187    17    55   276   -98   153
 8252   43615  -2069  -666 -2638 -1627  -141    44    57  -164   316  -164    59    40   268  -110   120
 8481   36107  -1843  -573 -2380 -1497  -149    61    60  -191   243  -191    -3    14   230   -81    97
 8736   29735  -1657  -422 -2166 -1466  -113    31    42  -183   153  -171    14   -14   218   -40    29
 9021   24208  -1443  -315 -2005 -1362  -164    -3    79  -163   217  -160    86   -17   187   -62    -9
 9340   19543  -1202  -140 -1810 -1286  -117   -99    68  -128   157  -148    28   -27   179   -37     3
 9698   15685   -919   -87 -1489 -1160   -51  -132    60   -86    87   -49    46   -51   193    39    14
10103   12477   -617   124 -1125 -1104     4  -134    77   -86    48  -135    50   -95   228    71   -63
10562    9840   -446    82 -1004  -846    -4  -222    84  -135    94   -62   -56  -108   113    76   -77
11086    7674   -301    28  -886  -821    55  -163     4   -86    86  -101  -132  -113    49    94   -52
11688    5946    -76   125  -726  -927   -61  -187    18   -37   105   -55  -100   -41    95    36   -24
12386    4538    100   211  -653  -642   -48  -256    68   -56    -2   -42   -87   -84    16   -31    44
13202    3447    356   303  -587  -691   -28  -336   144  -200    -6   -10   -63   100    97    65    11
14169    2588    570   139  -456  -600    -3  -345    33  -251  -116   -58    42   110   107   222    58
15328    1916    432   -54  -454  -550     0  -329   140  -300  -183  -214   105    71   -98   266   120
16743    1409    402  -178  -438  -423   101  -495   314  -295  -170  -335    -9    -4    -5   287    -6
18505    1014    439  -163  -282  -481   310  -343   363  -387  -169  -288  -126   166   113    41   -61
20757     714    467  -171  -327  -656   552  -338   425  -216  -111  -104  -252   207   -32  -162   -77
23731     488   -299  -498  -386 -1051   922    33   515  -175   219   -20  -110   203  -130   -45   -82
27839     318   -546 -1054    42 -1533  1325   218  1142   -78   135  -163  -114  -211  -271  -224   -79
33877     190   -199 -1117   382 -1782  1357   138  1482   -96  -129   -36   131  -142  -155  -305   122
43629      95   -744 -1730   122 -2079  2049  -438  1747  -287   211   196   159   -65    92  -361    77
62126      34  -1308 -2537  -248 -2646  2367  -179  1874  -117   253    42   -26  -376  -299  -399  -142

_________________________________________________________________________________________________________
Table 4.  Equinox, F10.7 = 130
radius    N      A10   A11   B11   A20   A21   B21   A22   B22   A30   A31   B31   A32   B32   A33   B33 
_________________________________________________________________________________________________________
 6640  120398      0 -2443 -4528 -2690     0     0  -110   -27     0  -384   323     0     0  -141   393
 6648  115612      0 -2358 -4505 -2601     0     0  -119   -48     0  -369   329     0     0  -168   382
 6663  107721      0 -2309 -4415 -2509     0     0  -103   -62     0  -410   325     0     0  -127   372
 6686   99018      0 -2179 -4391 -2468     0     0  -148   -24     0  -432   331     0     0  -144   311
 6717   90436      0 -2101 -4328 -2422     0     0  -101   -29     0  -422   292     0     0  -124   307
 6756   82545      0 -2089 -4285 -2331     0     0   -58   -39     0  -407   236     0     0  -119   258
 6803   75207      0 -1931 -4217 -2282     0     0   -35   -35     0  -392   183     0     0   -80   275
 6859   68654      0 -1846 -4113 -2226     0     0   -44   -47     0  -341   207     0     0  -115   213
 6925   62364      0 -1760 -3972 -2200     0     0   -30   -88     0  -316   192     0     0  -110   192
 7000   56460      0 -1695 -3846 -2081     0     0   -24   -33     0  -345   169     0     0   -63   174
 7085   51132      0 -1699 -3745 -2001     0     0    43   -73     0  -372   158     0     0   -89   182
 7182   46095      0 -1575 -3610 -1988     0     0    38   -75     0  -352    98     0     0   -94   145
 7290   41336      0 -1437 -3474 -1920     0     0    49   -33     0  -316    56     0     0   -76   139
 7410   36928      0 -1339 -3318 -1808     0     0    11   -40     0  -317   -19     0     0   -31   151
 7545   32736      0 -1246 -3132 -1693     0     0    26   -18     0  -326    -6     0     0    17   141
 7695   28787      0 -1097 -2947 -1637     0     0    32   -48     0  -237   -24     0     0     2   133
 7861   25125      0 -1040 -2769 -1454     0     0    -7   -32     0  -235   -38     0     0     6   146
 8046   21820      0  -868 -2550 -1289     0     0   -16   -12     0  -216   -33     0     0   -25   151
 8252   18796      0  -751 -2357 -1215     0     0    42   -36     0  -208  -131     0     0     8   164
 8481   16118      0  -645 -2170 -1206     0     0    48   -42     0  -192  -110     0     0   -27   155
 8736   13677      0  -512 -1992 -1061     0     0   115  -109     0  -194  -124     0     0    10   153
 9021   11524      0  -455 -1807 -1000     0     0    66   -88     0  -145  -125     0     0    37    93
 9340    9631      0  -327 -1596  -847     0     0   111   -41     0   -94  -117     0     0    -4    53
 9698    7993      0  -166 -1292  -865     0     0   126    -6     0   -97  -162     0     0    39    45
10103    6580      0   -89 -1247  -844     0     0   122    21     0  -117  -165     0     0    15    63
10562    5368      0   -85  -986  -759     0     0   178    76     0     1  -109     0     0   -42    69
11086    4335      0  -109  -842  -665     0     0   257   126     0   -66   -97     0     0   -79    -3
11688    3481      0  -106  -742  -687     0     0   125   154     0   -34   -20     0     0   -25    90
12386    2738      0  -114  -551  -640     0     0    96    76     0    34   -74     0     0   -67   146
13202    2143      0     0  -546  -629     0     0   183   115     0   123   -18     0     0    -3    95
14169    1645      0    -8  -577  -640     0     0   233   135     0    99    -9     0     0   -46   127
15328    1250      0     5  -430  -585     0     0   237    59     0    22    26     0     0   -37   -30
16743     934      0    17  -170  -385     0     0   436   143     0    25    12     0     0   107   -51
18505     684      0   -51  -208  -758     0     0   570    -3     0   -84   212     0     0    50   134
20757     491      0  -210  -270 -1059     0     0   809  -239     0   -55   212     0     0  -107   132
23731     341      0  -215  -201 -1361     0     0  1021  -320     0     3    28     0     0    60   -34
27839     222      0  -278  -549 -1978     0     0  1111  -100     0   175   165     0     0  -165   -87
33877     133      0  -689  -403 -2473     0     0  1653    36     0   213    48     0     0  -227  -197
43629      69      0 -1599  -233 -3302     0     0  2008   220     0   375  -142     0     0    49  -250
62126      25      0 -2536  -341 -3822     0     0  2513  -162     0    59    86     0     0    -2    20

_________________________________________________________________________________________________________
Table 5.  Solstice, F10.7 = 130
radius    N      A10   A11   B11   A20   A21   B21   A22   B22   A30   A31   B31   A32   B32   A33   B33 
_________________________________________________________________________________________________________
 6640  153047  -4922 -2278 -4561 -2321     9   732  -196  -155   578  -221   201   262   379   -52   268
 6648  146344  -4884 -2222 -4563 -2279     2   688  -213  -115   531  -267   211   240   435   -60   260
 6663  136633  -4813 -2154 -4531 -2199   -45   662  -159  -118   507  -256   176   209   368   -90   223
 6686  125629  -4770 -2067 -4459 -2169   -40   664  -140  -173   523  -243   198   189   387  -128   271
 6717  114754  -4628 -2010 -4376 -2103   -89   602  -122  -167   512  -234   175   193   384  -108   227
 6756  104688  -4567 -1942 -4332 -2065  -134   588  -113  -132   508  -229   191   221   362  -116   249
 6803   95579  -4407 -1862 -4235 -2064  -104   571  -114  -122   499  -239   126   206   393  -103   248
 6859   86768  -4239 -1726 -4102 -2047  -122   574   -74  -102   446  -228    88   178   381  -132   197
 6925   78570  -4043 -1613 -3981 -1994  -120   544   -23  -108   411  -201    66   153   364  -121   196
 7000   71054  -3872 -1551 -3847 -1954  -171   511   -38  -127   420  -161    68    92   344  -142   201
 7085   64328  -3702 -1475 -3734 -1914  -168   419   -50   -97   386  -190    23    91   326  -151   196
 7182   57911  -3551 -1398 -3615 -1842  -200   357   -49   -96   409  -168     3    78   335  -142   151
 7290   51870  -3392 -1300 -3420 -1750  -192   333   -53   -78   369  -172     3    76   338  -107    93
 7410   46252  -3125 -1178 -3262 -1697  -166   321   -41   -70   351  -180   -34    60   285  -124    49
 7545   40959  -2960 -1090 -3147 -1603  -172   259    -9   -65   301  -202   -85    34   237   -99    36
 7695   36017  -2692  -993 -3016 -1530  -146   243    -8   -87   255  -238   -90     9   265   -87    51
 7861   31453  -2514  -916 -2806 -1448  -159   229    33   -64   231  -244  -149    57   261   -71    34
 8046   27311  -2288  -787 -2645 -1341  -181   178    53   -93   229  -188   -89    24   249   -59    94
 8252   23499  -2055  -694 -2418 -1214  -140   180    87   -50   207  -193   -46   -59   205   -71    43
 8481   20016  -1819  -609 -2207 -1184   -91   102    54   -69   157  -202   -93   -29   162   -60    37
 8736   16929  -1543  -489 -2062 -1117  -196    62    92   -16   108  -163   -90   -36   133  -109    23
 9021   14245  -1362  -372 -1892 -1045  -220   -19    90   -64    78  -110   -97   -36   108   -47    34
 9340   11870  -1110  -332 -1668  -952  -196    48    74  -104    22  -145     3   -67   104   -74    39
 9698    9834   -889  -230 -1500  -812   -76   -10   121   -79   -79  -123   -45   -62    85    -7   -10
10103    8115   -750  -228 -1254  -783  -124   -38    67   -64    32  -116   -73  -106   127    20   -50
10562    6604   -555  -193 -1115  -763   -72   -23   158  -118    29   -65   -12    -6    97    27    28
11086    5308   -393  -153 -1046  -742   -44   -50   113  -149    49  -165   -18   -31    89     1     3
11688    4232   -257  -160  -731  -759   -90   -37    99     7    80  -148   -87    -6    -4    59    81
12386    3336     63  -138  -655  -650   -41  -179   201   -15   -15   -92   -50   -68   -30    18   -42
13202    2581     -7  -155  -597  -590   -44   -90   270   118    44   -44   -52    33    32    56    90
14169    1995    -91  -132  -410  -547   112   -97   326   127   -68     0   -57    99    92   136   200
15328    1515     52  -172  -270  -541   142    -8   393    70   -90    41   -33   -19   133   138    53
16743    1128   -168  -302  -230  -442   168   -17   412   -26   104   -19   -19   -83   173     5    53
18505     824   -108  -285  -133  -375   253   -48   486   -23    82   -83  -122  -194   106   -45    28
20757     586    236  -277  -101  -453   411  -110   639  -129   -27   -48    57  -111   133   -98    38
23731     402   -226  -414  -182  -650   581   -49   689   -68   -71   -28  -106   -57    59    13    76
27839     263   -606  -869  -135 -1055  1077     1  1048     8   435    25   148   -98   140   -10    62
33877     156   -635 -1179  -317  -958  1174    26  1421  -180   233    82  -128   115   -36  -103    24
43629      81  -1094 -1518  -233 -1392  1620   359  1626  -245   277     0  -166    13   -54   -81   168
62126      29  -1594 -2506  -530 -1631  1982   143  1820    97     0  -302  -202   -90   -82  -194  -131

_________________________________________________________________________________________________________
Table 6.  Equinox, F10.7 = 180
radius    N      A10   A11   B11   A20   A21   B21   A22   B22   A30   A31   B31   A32   B32   A33   B33 
_________________________________________________________________________________________________________
 6640   71521      0 -2254 -4277 -1898     0     0   -80  -104     0  -387   265     0     0    20   392
 6648   69100      0 -2206 -4267 -1864     0     0  -168   -70     0  -372   231     0     0    76   474
 6663   64935      0 -2076 -4337 -1850     0     0  -148  -156     0  -347   172     0     0    16   434
 6686   59854      0 -2032 -4268 -1743     0     0   -90  -141     0  -365   215     0     0    47   408
 6717   54723      0 -1900 -4189 -1623     0     0   -22  -145     0  -397   253     0     0    76   363
 6756   50207      0 -1777 -4152 -1540     0     0   -58  -134     0  -409   187     0     0    67   318
 6803   46009      0 -1690 -4082 -1560     0     0   -39   -91     0  -395   256     0     0    54   322
 6859   42175      0 -1607 -3940 -1612     0     0     9   -44     0  -328   291     0     0    89   256
 6925   38701      0 -1528 -3884 -1591     0     0    45   -39     0  -341   219     0     0    97   223
 7000   35323      0 -1360 -3793 -1601     0     0    45   -87     0  -381   201     0     0    41   206
 7085   32273      0 -1277 -3684 -1614     0     0    26  -126     0  -378    73     0     0    -1   161
 7182   29336      0 -1245 -3491 -1494     0     0   -26  -104     0  -403    -1     0     0     9   128
 7290   26621      0 -1157 -3352 -1503     0     0    34  -133     0  -376    10     0     0    23    74
 7410   24064      0 -1089 -3214 -1382     0     0    51   -94     0  -381    16     0     0   -12   109
 7545   21551      0 -1036 -3070 -1305     0     0    73   -23     0  -274     8     0     0   -42    67
 7695   19253      0  -979 -2986 -1215     0     0    50    -7     0  -213   -35     0     0   -15    86
 7861   17077      0  -882 -2749 -1105     0     0    88   -59     0  -327   -52     0     0    12    77
 8046   15093      0  -751 -2551 -1104     0     0    -7     0     0  -199    -4     0     0    42   148
 8252   13221      0  -597 -2377  -998     0     0    80    65     0  -228   -49     0     0    44   127
 8481   11511      0  -527 -2198  -962     0     0    31    46     0  -228   -27     0     0    -6    43
 8736    9920      0  -445 -2044  -953     0     0    97    38     0  -243   -47     0     0   -44    36
 9021    8494      0  -228 -1873  -867     0     0    39    47     0  -228    23     0     0    48    27
 9340    7268      0  -219 -1678  -853     0     0   -40    61     0  -243    31     0     0    -5    10
 9698    6127      0  -182 -1524  -826     0     0    29   -36     0  -202   -50     0     0    57    34
10103    5124      0  -176 -1474  -783     0     0    61   -20     0  -159   -54     0     0    53     0
10562    4249      0  -131 -1286  -665     0     0    29   -76     0  -153   -62     0     0     4   -28
11086    3500      0  -105 -1176  -701     0     0   113     2     0  -156   -91     0     0    35   -18
11688    2842      0   -33  -952  -586     0     0   127   -13     0   -51   -83     0     0   180  -156
12386    2282      0   -74  -798  -479     0     0   145    18     0   -60   -32     0     0   117   -27
13202    1822      0  -245  -720  -416     0     0   204    49     0   -52     2     0     0   217   -63
14169    1430      0  -286  -519  -409     0     0   342     3     0    90   -98     0     0   233    -6
15328    1108      0  -422  -519  -479     0     0   336    19     0   -26     8     0     0     8   -77
16743     839      0  -544  -418  -627     0     0   545    47     0  -184    44     0     0    -2   -57
18505     627      0  -643  -294  -740     0     0   736   196     0  -269  -137     0     0    -1    13
20757     454      0  -646  -331  -943     0     0  1018   338     0  -111   -99     0     0    39   -75
23731     314      0  -594  -188 -1362     0     0  1270   150     0  -220  -243     0     0    35   -77
27839     206      0  -760   137 -2044     0     0  1280   356     0    -4  -278     0     0  -309  -177
33877     124      0 -1291   -92 -2423     0     0  1432   250     0   146   -72     0     0  -176   -15
43629      64      0 -1793  -495 -2901     0     0  1929   245     0   300   214     0     0    23   -56
62126      23      0 -2759  -470 -3332     0     0  2132   237     0   369   143     0     0  -252  -221

_________________________________________________________________________________________________________
Table 7.  Solstice, F10.7 = 180
radius    N      A10   A11   B11   A20   A21   B21   A22   B22   A30   A31   B31   A32   B32   A33   B33 
_________________________________________________________________________________________________________
 6640   90231  -4708 -2148 -4214 -1833   -18   595   -99  -154   578  -255   147   280   448    83   347
 6648   86984  -4680 -2075 -4157 -1722   -21   546   -96  -161   497  -319   188   292   433    30   366
 6663   81618  -4585 -2024 -4077 -1689   -52   570  -136  -139   450  -259   181   222   437    37   341
 6686   75328  -4454 -1994 -4070 -1668   -65   536  -127  -143   472  -268   184   267   430    56   313
 6717   69094  -4366 -1912 -4038 -1616   -37   445   -77   -99   438  -249   170   217   416    62   263
 6756   63203  -4161 -1823 -3955 -1631   -47   423    -3   -90   478  -229   141   146   359    76   240
 6803   57974  -4142 -1734 -3833 -1566   -20   473    -9  -116   528  -239   105   118   309    22   214
 6859   53293  -3981 -1688 -3773 -1601   -40   469    32  -147   486  -273    97   122   362   -45   210
 6925   48932  -3770 -1585 -3720 -1590   -59   482     9  -140   510  -288    89   116   361   -46   190
 7000   44670  -3598 -1485 -3559 -1564   -95   450    26  -127   496  -250   108    93   346   -49   198
 7085   40733  -3453 -1375 -3436 -1513   -54   418     3  -121   486  -211    -7    49   344   -30   243
 7182   37100  -3307 -1323 -3337 -1517   -14   414    88  -119   400  -211     5    29   314    17   182
 7290   33616  -3082 -1217 -3191 -1450     0   343    69  -110   338  -266    32    72   295    15   162
 7410   30323  -2891 -1093 -3000 -1420   -28   304    18  -128   352  -216    12    31   296   -17   136
 7545   27198  -2747  -981 -2873 -1421   -96   232    61  -115   352  -154   -22   -20   267   -35   110
 7695   24212  -2549  -941 -2741 -1338   -67   175    63  -129   356  -166   -81   -44   260   -52    70
 7861   21563  -2353  -895 -2525 -1252  -129   132    87  -101   193  -197   -31   -68   283   -75    73
 8046   18982  -2107  -804 -2395 -1232  -104    42   107   -47   188  -145   -81  -107   269   -44    78
 8252   16608  -1932  -676 -2199 -1165   -91    35   134   -71   182  -146  -108   -36   230   -38     4
 8481   14417  -1639  -551 -2021  -995  -123    37   169   -77   140   -87   -58    27   227  -123    27
 8736   12450  -1497  -466 -1817  -974   -92   -39   168   -84   118  -184   -57    19   141   -50    15
 9021   10673  -1382  -390 -1660  -943  -148    34   175   -26   209  -114   -69   -77    97    14     6
 9340    9035  -1139  -259 -1551  -940  -123    35   142  -107   122  -105   -96  -114    64    14    -2
 9698    7634  -1115   -69 -1415  -930   -22    -9   128  -189   154  -108    22  -157    73   -21    51
10103    6401   -862  -111 -1355  -855   -45   -44    90  -131   116    28   -65  -154    39   -91   -21
10562    5296   -668   -54 -1173  -933    23   -39   143  -109     7    13   -89   -85    57   -68   -68
11086    4330   -484    10  -973  -762   -75   -66   182   -69  -102   108    16   -23    80   -78     3
11688    3518   -377   -19  -776  -649  -111  -115   127  -111   123   110   -12     3    38   -82    12
12386    2829    -83    13  -620  -640   -58  -199   240   -69    85   -42   -56   -32   -32    67   -27
13202    2231   -192   -86  -489  -637   178  -221   284   -47   146  -101   -38   -12   -17    46    49
14169    1745    -25  -196  -434  -741   261  -118   327   -30   100  -129  -168   -57    -1    60   100
15328    1347    191  -384  -286  -606   236   -98   371   -69    31   -77   -34    -3    84    31    46
16743    1022    264  -417  -169  -527   251  -166   448   -27   -45    51    14   -32    97    54    11
18505     754    425  -597  -143  -507   467   -53   650     8   129    47  -151  -106     0   -21    34
20757     545    421  -717  -228  -817   722   -89   813    93  -105  -104   -67   -98   115    -8   142
23731     381    122  -628  -157  -831  1235  -125  1012    43  -130  -101  -136  -105    57   -23   110
27839     249   -139  -751   109 -1191  1450  -216  1149   154    15  -245  -185   -72   233   -62    12
33877     147   -606 -1246   -52 -1247  1664  -199  1628   141   311  -413  -167  -204    13  -135    31
43629      75  -1234 -1836  -106 -1594  1745  -217  1561   190   270  -230   -38  -187  -312    63   -22
62126      27  -1480 -2867  -165 -1955  2253  -399  1677   -18   523    74   297  -100   138  -100   -96

_________________________________________________________________________________________________________
Table 8.  Equinox, F10.7 = 230
radius    N      A10   A11   B11   A20   A21   B21   A22   B22   A30   A31   B31   A32   B32   A33   B33 
_________________________________________________________________________________________________________
 6640   53085      0 -1858 -4185 -1971     0     0  -225   -71     0  -412   168     0     0  -119   226
 6648   51540      0 -1842 -4199 -2006     0     0  -261  -156     0  -379   200     0     0  -130   196
 6663   48515      0 -1689 -4238 -1879     0     0  -240  -200     0  -318   198     0     0  -120   211
 6686   44879      0 -1674 -4165 -1686     0     0  -148  -147     0  -420   263     0     0  -171   231
 6717   41190      0 -1620 -4090 -1466     0     0  -164  -104     0  -403   278     0     0  -138   210
 6756   37538      0 -1528 -4099 -1286     0     0   -85   -57     0  -355   226     0     0  -128   225
 6803   34473      0 -1374 -4072 -1270     0     0   -20   -62     0  -421   205     0     0   -91   192
 6859   31680      0 -1274 -4038 -1256     0     0   -75   -55     0  -459   162     0     0  -137   150
 6925   29173      0 -1255 -3944 -1274     0     0  -102   -93     0  -477    99     0     0   -86   190
 7000   26894      0 -1195 -3873 -1366     0     0   -25  -113     0  -490    55     0     0  -101   185
 7085   24644      0 -1040 -3686 -1429     0     0   -35  -153     0  -435    24     0     0  -146   124
 7182   22528      0  -936 -3598 -1386     0     0    -7  -113     0  -471    14     0     0  -127    99
 7290   20559      0  -977 -3452 -1437     0     0   -14  -119     0  -473    -8     0     0   -80   163
 7410   18689      0  -813 -3302 -1359     0     0     1  -132     0  -466   -33     0     0   -93   169
 7545   16961      0  -828 -3166 -1395     0     0    11   -93     0  -387  -107     0     0  -131   142
 7695   15267      0  -705 -2949 -1403     0     0    10  -108     0  -297  -152     0     0  -156   215
 7861   13623      0  -717 -2721 -1378     0     0    76   -72     0  -299  -185     0     0  -146   160
 8046   12106      0  -539 -2580 -1184     0     0    25  -139     0  -253  -153     0     0  -107    98
 8252   10674      0  -511 -2394 -1130     0     0    17   -99     0  -203  -159     0     0  -219    71
 8481    9422      0  -479 -2222 -1133     0     0    -7   -66     0  -320  -181     0     0  -187    10
 8736    8235      0  -406 -2095  -977     0     0    67   -53     0  -289  -252     0     0   -88   -52
 9021    7114      0  -407 -1959 -1067     0     0    21   -27     0  -234  -233     0     0   -82   -20
 9340    6110      0  -262 -1704 -1035     0     0     8    20     0  -147  -276     0     0   -73   -68
 9698    5220      0  -184 -1607  -787     0     0    48   -59     0  -172  -313     0     0  -118    18
10103    4441      0   -18 -1437  -909     0     0    28   -51     0  -123  -246     0     0  -116    22
10562    3719      0    41 -1221  -764     0     0    43  -115     0   -58  -228     0     0   -90    22
11086    3078      0    82 -1027  -707     0     0   163   -52     0   -53  -115     0     0    33   -88
11688    2531      0   150  -925  -722     0     0   223    12     0   -52    43     0     0    16    40
12386    2059      0    45  -726  -691     0     0   206    61     0     9   -19     0     0    22     6
13202    1657      0   -31  -712  -584     0     0   140   -35     0   -20    59     0     0   -73   -32
14169    1316      0  -218  -545  -549     0     0   259   -78     0    -9   -10     0     0  -176  -107
15328    1024      0  -244  -468  -700     0     0   264   -81     0   -97    51     0     0   -74   -34
16743     789      0  -327  -401 -1045     0     0   394   -79     0   -77   -44     0     0    54     6
18505     590      0  -516  -270 -1011     0     0   403  -204     0  -153  -139     0     0   198    25
20757     430      0  -776    73  -905     0     0   500   -22     0  -128  -201     0     0   -65   -33
23731     301      0  -862   110 -1266     0     0  1020   -59     0   -56  -345     0     0    69   -84
27839     200      0 -1000    69 -1429     0     0  1296    28     0   283  -340     0     0  -163   -14
33877     119      0 -1089   -45 -1925     0     0  1763    56     0   -79  -143     0     0   -83   -55
43629      62      0 -2172  -111 -2295     0     0  2339   -58     0    14  -123     0     0  -266  -156
62126      22      0 -2911  -355 -2808     0     0  2608   -43     0    93  -111     0     0  -558  -231

_________________________________________________________________________________________________________
Table 9.  Solstice, F10.7 = 230
radius    N      A10   A11   B11   A20   A21   B21   A22   B22   A30   A31   B31   A32   B32   A33   B33 
_________________________________________________________________________________________________________
 6640   65724  -4618 -1980 -4209 -1563    48   417  -102  -166   386  -394   240   215   337  -122   320
 6648   63750  -4732 -1811 -4105 -1389   -33   468   -93  -160   402  -420   213   197   343   -57   329
 6663   60008  -4626 -1734 -4113 -1344   -52   423   -35  -182   369  -407   213   140   375   -40   355
 6686   55538  -4518 -1670 -4049 -1306  -136   403   -46  -187   404  -323   201   159   379    -7   269
 6717   51007  -4532 -1593 -4060 -1180  -137   409   -76  -246   416  -316   203   160   420   -87   266
 6756   46808  -4440 -1434 -3922 -1086  -173   365   -15  -285   370  -347   237   104   391  -126   237
 6803   42988  -4245 -1378 -3866 -1022  -188   335   -20  -232   414  -395   201    27   449  -102   214
 6859   39570  -4056 -1292 -3786 -1078  -195   320    17  -197   438  -360   149     8   416  -171   211
 6925   36525  -3988 -1165 -3654 -1121  -199   332    26  -226   395  -335   189   -33   393  -150   224
 7000   33496  -3837 -1053 -3553 -1217  -148   289    23  -208   337  -357   157   -40   361  -148   199
 7085   30720  -3648  -929 -3459 -1251  -160   252    49  -227   235  -367   108     6   345  -137   166
 7182   28114  -3426  -889 -3325 -1251  -142   215   -28  -164   282  -382    73    53   346  -111   167
 7290   25656  -3181  -877 -3252 -1216  -182   168   -34  -144   233  -326    43    32   380   -63   166
 7410   23328  -2924  -797 -3059 -1136  -193   141    64  -162   192  -330   -17    -1   314   -67   105
 7545   21088  -2789  -722 -2874 -1145  -122    93    12  -131   239  -296    34   -79   358   -76    71
 7695   18933  -2652  -750 -2704 -1091  -116    11    71  -142   178  -259   -40   -85   286    -1   -16
 7861   16947  -2417  -658 -2561 -1212  -145    39    48  -117   190  -211   -71   -86   239    60    43
 8046   15079  -2191  -582 -2424 -1087  -162    29    31   -45   140  -195  -110  -101   297    -9    38
 8252   13300  -2046  -485 -2208  -950   -96   -51    16   -83   121  -206   -90  -122   242   -44    36
 8481   11638  -1727  -422 -2055  -883   -54   -86    40   -35    68  -197  -138   -43   216   -98    44
 8736   10113  -1588  -388 -1947  -816  -107   -67    -9     1    99  -208  -138  -107   168  -109    29
 9021    8744  -1412  -378 -1715  -898  -120   -83    51   -18    93  -111  -189  -117   182   -10   -15
 9340    7534  -1233  -282 -1614  -815  -160  -129    50    53    56  -101  -235   -14   211    64    59
 9698    6425   -935  -270 -1481  -863   -75  -146   -26   104    79   -34  -169     1   157    15    39
10103    5433   -764  -166 -1249  -828   -68  -269    64    80   118  -105  -197   -22    67   -44    36
10562    4570   -613   -90 -1006  -799  -117  -251   166   102   -42  -181  -149    39   119    48   -35
11086    3782   -573  -113  -978  -698   -34  -140   172   108   -14  -148  -154   -54   130    46   -92
11688    3118   -475  -141  -891  -825   -16  -140   234   193   183  -161    12   -90    56     3   -51
12386    2531   -474  -174  -809  -764   -36  -253   309   157   169    -1   107   -19    26    54   -18
13202    2019   -299  -190  -649  -713   -67  -196   312    75    -4    20    90   112    15   169    80
14169    1601   -205  -287  -541  -709    41  -115   376    44   -25   119   123   -38    54    62    71
15328    1251    -95  -276  -424  -805   133  -240   458    88  -179   105   133   -31   -89    57    85
16743     961    -79  -304  -354  -798   332  -378   259    94   -93    57    73    22  -130    40    11
18505     720    210  -455  -314  -729   463  -321   511   116  -175    57   -91    58   -74    66  -161
20757     521    248  -841     1  -776   535   -50   777   215  -204   -13   -65   -43   143   107    -8
23731     363    180  -833     1  -789   782   -20   912   176   -92  -103  -167   -80    -8   130    26
27839     242   -177  -944   -76 -1426  1071  -103  1249   152   190   -81    -1  -168    -8  -106   -48
33877     145   -308 -1461  -217 -1779  1280   -12  1003   128   314    16   -52  -298  -239  -227   -94
43629      74   -658 -1948  -248 -1825  1585    46  1276   222   404    85  -126  -265  -137  -327    93
62126      26  -1345 -2642  -565 -1932  2321   134  1764   -53   521   -74  -200  -324  -284  -250    33


